Source,Location ID,City,State,Country,Latitude,Longitude,Time Zone,Elevation,Local Time Zone,DNI Units,DHI Units,GHI Units,Temperature Units,Relative Humidity Units,Wind Direction Units,Wind Speed Units
Solcast,-,-,-,-,28.9754,80.6335,5.75,1675,5.75,w/m2,w/m2,w/m2,c,%,Degrees,m/s
Year,Month,Day,Hour,Minute,DNI,DHI,GHI,Temperature,Relative Humidity,Wind Direction,Wind Speed
2020,1,1,0,45,0,0,0,6.4,85.5,21,0.9
2020,1,1,1,45,0,0,0,5.8,84.6,22,0.9
2020,1,1,2,45,0,0,0,5.6,83.7,24,1.1
2020,1,1,3,45,0,0,0,5.4,83.9,25,1.2
2020,1,1,4,45,0,0,0,5.2,84.8,27,1.1
2020,1,1,5,45,0,0,0,5.4,85.1,27,1.1
2020,1,1,6,45,0,3,3,5.6,84.8,27,1.1
2020,1,1,7,45,0,74,74,6.9,80.4,27,1.2
2020,1,1,8,45,1,211,211,10.9,69.4,36,1.0
2020,1,1,9,45,73,296,334,14.6,59.5,86,0.7
2020,1,1,10,45,319,292,477,15.9,54.2,126,0.9
2020,1,1,11,45,174,352,459,15.9,52.3,127,1.4
2020,1,1,12,45,0,339,339,16.2,52.4,126,1.8
2020,1,1,13,45,0,231,231,16.6,53.8,124,1.6
2020,1,1,14,45,0,184,184,15.3,63.4,142,1.1
2020,1,1,15,45,0,98,98,14.2,73.4,177,0.8
2020,1,1,16,45,4,26,26,14.5,72.9,258,0.3
2020,1,1,17,45,0,0,0,13.8,75.3,8,0.9
2020,1,1,18,45,0,0,0,12.9,79.8,19,1.4
2020,1,1,19,45,0,0,0,11.4,82.1,20,1.6
2020,1,1,20,45,0,0,0,9.2,85.5,19,2.0
2020,1,1,21,45,0,0,0,7.8,89.6,20,2.2
2020,1,1,22,45,0,0,0,7.4,90.8,20,2.3
2020,1,1,23,45,0,0,0,8.0,89.6,20,2.3
2020,1,2,0,45,0,0,0,7.9,89.9,21,2.4
2020,1,2,1,45,0,0,0,7.4,90.8,21,2.5
2020,1,2,2,45,0,0,0,7.6,91.8,19,2.6
2020,1,2,3,45,0,0,0,7.9,92.1,17,2.7
2020,1,2,4,45,0,0,0,8.2,90.6,17,2.7
2020,1,2,5,45,0,0,0,8.5,89.4,19,2.6
2020,1,2,6,45,0,3,3,8.8,87.9,20,2.7
2020,1,2,7,45,0,41,41,8.6,87.6,20,2.7
2020,1,2,8,45,0,141,141,8.0,88.4,19,2.4
2020,1,2,9,45,0,216,216,10.2,81.2,21,2.2
2020,1,2,10,45,0,195,195,12.8,73.4,25,2.3
2020,1,2,11,45,0,167,167,13.4,70.8,31,2.3
2020,1,2,12,45,0,189,189,14.3,66.1,35,2.3
2020,1,2,13,45,0,205,205,14.9,63.8,36,2.2
2020,1,2,14,45,0,152,152,13.6,69.7,29,2.1
2020,1,2,15,45,20,117,122,12.4,74.3,18,1.9
2020,1,2,16,45,0,15,15,12.6,73.8,17,2.0
2020,1,2,17,45,0,0,0,12.6,74.3,22,2.2
2020,1,2,18,45,0,0,0,12.2,76.0,26,2.2
2020,1,2,19,45,0,0,0,11.1,78.5,25,1.9
2020,1,2,20,45,0,0,0,10.2,78.6,22,1.9
2020,1,2,21,45,0,0,0,9.7,78.8,23,2.0
2020,1,2,22,45,0,0,0,9.5,79.9,25,2.0
2020,1,2,23,45,0,0,0,9.5,79.3,25,2.1
2020,1,3,0,45,0,0,0,8.9,80.6,23,2.2
2020,1,3,1,45,0,0,0,8.3,82.8,21,2.2
2020,1,3,2,45,0,0,0,8.5,87.0,17,2.2
2020,1,3,3,45,0,0,0,9.2,90.0,13,2.2
2020,1,3,4,45,0,0,0,9.1,90.3,15,2.1
2020,1,3,5,45,0,0,0,9.0,90.6,20,2.0
2020,1,3,6,45,0,2,2,8.9,90.0,24,2.1
2020,1,3,7,45,0,28,28,8.8,90.3,25,2.0
2020,1,3,8,45,58,140,164,9.4,91.3,25,1.9
2020,1,3,9,45,333,234,396,11.6,82.8,23,1.6
2020,1,3,10,45,566,212,540,13.9,71.4,20,1.4
2020,1,3,11,45,786,149,631,14.4,70.5,24,1.3
2020,1,3,12,45,264,307,468,14.6,71.0,24,1.1
2020,1,3,13,45,0,246,246,14.8,73.0,27,1.0
2020,1,3,14,45,0,139,139,13.7,78.4,37,0.7
2020,1,3,15,45,1,130,131,12.8,81.2,45,0.3
2020,1,3,16,45,10,28,29,13.1,80.7,0,0.1
2020,1,3,17,45,0,0,0,13.3,78.8,14,0.3
2020,1,3,18,45,0,0,0,12.6,80.6,29,0.5
2020,1,3,19,45,0,0,0,10.7,84.6,24,0.5
2020,1,3,20,45,0,0,0,10.0,85.0,19,0.5
2020,1,3,21,45,0,0,0,10.0,85.0,6,0.5
2020,1,3,22,45,0,0,0,9.6,85.6,6,0.5
2020,1,3,23,45,0,0,0,9.0,85.5,13,0.7
2020,1,4,0,45,0,0,0,7.8,87.5,14,0.8
2020,1,4,1,45,0,0,0,7.2,88.9,13,0.9
2020,1,4,2,45,0,0,0,7.7,87.5,13,1.1
2020,1,4,3,45,0,0,0,8.3,84.8,15,1.2
2020,1,4,4,45,0,0,0,8.2,84.3,13,1.3
2020,1,4,5,45,0,0,0,8.0,84.2,14,1.5
2020,1,4,6,45,0,5,5,8.0,84.5,18,1.6
2020,1,4,7,45,61,86,100,8.0,86.9,22,1.6
2020,1,4,8,45,304,165,272,8.4,85.5,20,1.3
2020,1,4,9,45,426,214,423,10.6,75.1,17,0.5
2020,1,4,10,45,271,308,462,13.4,66.1,214,0.4
2020,1,4,11,45,2,375,376,14.2,66.8,214,1.0
2020,1,4,12,45,0,201,201,14.1,70.2,218,1.4
2020,1,4,13,45,0,66,66,14.2,71.4,225,1.6
2020,1,4,14,45,0,30,30,13.2,75.5,234,1.5
2020,1,4,15,45,0,20,20,12.3,80.0,234,1.0
2020,1,4,16,45,1,15,15,12.2,81.6,260,0.7
2020,1,4,17,45,0,0,0,12.0,81.6,317,0.9
2020,1,4,18,45,0,0,0,11.3,81.5,354,1.0
2020,1,4,19,45,0,0,0,9.7,85.0,10,0.9
2020,1,4,20,45,0,0,0,8.0,89.0,11,0.8
2020,1,4,21,45,0,0,0,7.2,90.8,360,0.8
2020,1,4,22,45,0,0,0,6.7,92.1,357,1.0
2020,1,4,23,45,0,0,0,6.7,91.7,6,1.0
2020,1,5,0,45,0,0,0,6.1,92.0,16,0.9
2020,1,5,1,45,0,0,0,5.2,93.6,18,0.9
2020,1,5,2,45,0,0,0,5.1,94.2,18,0.9
2020,1,5,3,45,0,0,0,5.2,93.9,15,1.0
2020,1,5,4,45,0,0,0,5.0,92.6,13,1.1
2020,1,5,5,45,0,0,0,4.8,91.6,17,1.2
2020,1,5,6,45,4,7,7,5.0,91.0,20,1.3
2020,1,5,7,45,140,81,113,6.3,90.4,18,1.3
2020,1,5,8,45,524,123,310,8.0,87.2,1,0.8
2020,1,5,9,45,681,148,480,9.7,78.1,291,0.5
2020,1,5,10,45,763,157,598,11.1,71.8,249,1.0
2020,1,5,11,45,813,151,652,11.5,69.7,246,1.4
2020,1,5,12,45,752,167,618,12.2,65.6,246,1.8
2020,1,5,13,45,766,136,542,12.6,64.4,251,2.3
2020,1,5,14,45,648,122,391,12.1,69.1,256,2.5
2020,1,5,15,45,425,94,203,11.8,73.9,260,2.3
2020,1,5,16,45,137,25,42,11.6,77.2,267,1.7
2020,1,5,17,45,0,0,0,11.3,79.9,283,1.3
2020,1,5,18,45,0,0,0,10.9,80.9,312,1.2
2020,1,5,19,45,0,0,0,9.3,84.1,337,1.1
2020,1,5,20,45,0,0,0,7.8,86.6,352,1.0
2020,1,5,21,45,0,0,0,7.2,86.5,6,0.9
2020,1,5,22,45,0,0,0,6.4,88.0,16,0.9
2020,1,5,23,45,0,0,0,6.1,88.2,19,0.9
2020,1,6,0,45,0,0,0,5.8,86.4,19,0.9
2020,1,6,1,45,0,0,0,5.6,84.2,17,0.8
2020,1,6,2,45,0,0,0,5.0,84.2,17,1.0
2020,1,6,3,45,0,0,0,4.4,83.8,16,1.3
2020,1,6,4,45,0,0,0,4.4,82.3,15,1.3
2020,1,6,5,45,0,0,0,4.2,81.1,17,1.4
2020,1,6,6,45,18,7,9,4.1,80.5,20,1.3
2020,1,6,7,45,69,76,86,6.4,79.2,21,1.3
2020,1,6,8,45,0,164,164,10.3,69.1,18,0.9
2020,1,6,9,45,122,281,342,12.2,59.1,316,0.3
2020,1,6,10,45,0,267,267,13.2,56.7,237,0.8
2020,1,6,11,45,6,295,298,13.6,58.0,240,1.1
2020,1,6,12,45,0,218,218,13.8,59.7,236,1.1
2020,1,6,13,45,0,175,175,14.2,59.6,229,1.1
2020,1,6,14,45,0,105,105,13.2,68.8,222,0.8
2020,1,6,15,45,0,54,54,12.0,81.3,213,0.5
2020,1,6,16,45,0,20,20,12.3,83.0,112,0.2
2020,1,6,17,45,0,0,0,12.5,82.2,7,0.5
2020,1,6,18,45,0,0,0,12.4,81.9,351,0.7
2020,1,6,19,45,0,0,0,12.0,84.1,11,1.0
2020,1,6,20,45,0,0,0,11.4,87.5,23,1.3
2020,1,6,21,45,0,0,0,10.9,89.9,27,1.4
2020,1,6,22,45,0,0,0,10.5,90.7,28,1.5
2020,1,6,23,45,0,0,0,10.2,91.0,24,1.5
2020,1,7,0,45,0,0,0,9.9,92.2,19,1.4
2020,1,7,1,45,0,0,0,9.6,92.2,17,1.2
2020,1,7,2,45,0,0,0,8.9,94.4,22,1.2
2020,1,7,3,45,0,0,0,8.2,97.3,24,1.2
2020,1,7,4,45,0,0,0,8.1,96.0,16,1.1
2020,1,7,5,45,0,0,0,8.4,94.1,18,1.0
2020,1,7,6,45,0,1,1,8.7,93.8,28,1.1
2020,1,7,7,45,0,27,27,9.2,96.0,26,1.0
2020,1,7,8,45,0,56,56,9.4,97.3,32,0.4
2020,1,7,9,45,0,100,100,9.5,95.1,215,0.3
2020,1,7,10,45,0,214,214,11.1,87.9,219,0.6
2020,1,7,11,45,0,220,220,12.4,83.9,222,1.1
2020,1,7,12,45,0,252,252,12.2,86.4,226,1.5
2020,1,7,13,45,0,143,143,12.4,85.9,226,1.5
2020,1,7,14,45,0,80,80,11.6,89.1,227,1.2
2020,1,7,15,45,0,49,49,10.7,93.9,240,0.8
2020,1,7,16,45,0,15,15,11.0,92.6,316,0.5
2020,1,7,17,45,0,0,0,11.6,90.8,19,0.9
2020,1,7,18,45,0,0,0,12.0,89.9,37,1.1
2020,1,7,19,45,0,0,0,11.4,92.3,38,1.1
2020,1,7,20,45,0,0,0,10.5,94.5,32,1.1
2020,1,7,21,45,0,0,0,10.0,95.7,27,1.0
2020,1,7,22,45,0,0,0,9.7,97.3,24,1.1
2020,1,7,23,45,0,0,0,9.8,97.7,25,1.2
2020,1,8,0,45,0,0,0,9.5,98.7,28,1.1
2020,1,8,1,45,0,0,0,9.2,99.3,28,1.2
2020,1,8,2,45,0,0,0,9.1,99.0,27,1.5
2020,1,8,3,45,0,0,0,9.4,98.3,27,1.6
2020,1,8,4,45,0,0,0,9.8,97.4,28,1.6
2020,1,8,5,45,0,0,0,9.6,96.7,32,1.6
2020,1,8,6,45,0,4,4,9.5,97.0,36,1.5
2020,1,8,7,45,0,21,21,9.9,97.7,38,1.5
2020,1,8,8,45,0,49,49,10.0,97.0,53,1.2
2020,1,8,9,45,0,173,173,10.8,92.6,97,1.0
2020,1,8,10,45,0,219,219,11.6,86.1,129,1.6
2020,1,8,11,45,0,82,82,11.6,82.4,141,1.9
2020,1,8,12,45,0,100,100,11.4,81.0,144,1.8
2020,1,8,13,45,0,54,54,11.4,80.4,142,1.7
2020,1,8,14,45,0,109,109,10.9,85.8,140,1.5
2020,1,8,15,45,0,74,74,10.4,91.3,129,1.1
2020,1,8,16,45,0,11,11,10.3,93.5,114,1.0
2020,1,8,17,45,0,0,0,9.9,95.4,93,1.0
2020,1,8,18,45,0,0,0,9.4,94.8,75,1.1
2020,1,8,19,45,0,0,0,8.9,94.7,70,1.2
2020,1,8,20,45,0,0,0,8.5,94.7,58,1.1
2020,1,8,21,45,0,0,0,9.2,93.1,40,0.9
2020,1,8,22,45,0,0,0,9.7,91.3,35,1.0
2020,1,8,23,45,0,0,0,9.8,89.8,39,1.4
2020,1,9,0,45,0,0,0,9.8,88.9,45,1.6
2020,1,9,1,45,0,0,0,9.6,89.4,46,1.7
2020,1,9,2,45,0,0,0,8.9,92.2,47,1.8
2020,1,9,3,45,0,0,0,8.2,94.4,52,1.8
2020,1,9,4,45,0,0,0,8.0,94.4,57,1.7
2020,1,9,5,45,0,0,0,7.8,94.0,59,1.6
2020,1,9,6,45,0,1,1,7.8,94.4,54,1.5
2020,1,9,7,45,0,16,16,7.7,95.0,52,1.4
2020,1,9,8,45,0,50,50,7.6,96.0,62,1.3
2020,1,9,9,45,0,103,103,8.2,94.4,90,1.2
2020,1,9,10,45,0,202,202,9.3,90.0,115,1.3
2020,1,9,11,45,0,319,319,9.6,88.8,126,1.3
2020,1,9,12,45,0,292,292,10.1,88.3,137,1.2
2020,1,9,13,45,0,310,310,10.8,87.5,153,1.0
2020,1,9,14,45,0,231,231,10.4,89.2,176,0.7
2020,1,9,15,45,0,144,144,9.8,91.3,203,0.8
2020,1,9,16,45,13,35,36,9.9,92.2,231,0.8
2020,1,9,17,45,0,0,0,10.0,91.9,287,0.8
2020,1,9,18,45,0,0,0,9.2,93.5,334,1.2
2020,1,9,19,45,0,0,0,7.7,95.7,351,1.3
2020,1,9,20,45,0,0,0,7.2,95.3,356,1.3
2020,1,9,21,45,0,0,0,6.8,95.0,355,1.3
2020,1,9,22,45,0,0,0,6.4,95.9,358,1.3
2020,1,9,23,45,0,0,0,6.2,96.3,2,1.4
2020,1,10,0,45,0,0,0,5.7,96.3,6,1.4
2020,1,10,1,45,0,0,0,5.2,96.6,10,1.4
2020,1,10,2,45,0,0,0,4.9,96.2,15,1.7
2020,1,10,3,45,0,0,0,4.4,95.9,16,2.0
2020,1,10,4,45,0,0,0,4.8,96.2,15,2.0
2020,1,10,5,45,0,0,0,5.3,96.2,15,1.9
2020,1,10,6,45,26,7,9,5.4,95.2,16,1.9
2020,1,10,7,45,228,79,128,6.2,94.6,17,1.7
2020,1,10,8,45,739,82,344,7.3,91.8,14,1.2
2020,1,10,9,45,813,107,506,9.0,83.3,347,0.6
2020,1,10,10,45,884,109,625,10.5,76.3,268,0.5
2020,1,10,11,45,906,112,677,11.0,74.8,232,1.0
2020,1,10,12,45,930,99,666,12.8,70.0,228,1.5
2020,1,10,13,45,891,96,578,14.2,67.2,227,1.8
2020,1,10,14,45,644,130,405,12.5,76.2,228,1.9
2020,1,10,15,45,475,97,224,10.6,86.6,227,1.7
2020,1,10,16,45,187,29,52,10.6,89.2,222,1.6
2020,1,10,17,45,0,0,0,10.9,88.7,225,1.4
2020,1,10,18,45,0,0,0,10.8,89.2,242,1.0
2020,1,10,19,45,0,0,0,9.6,92.6,286,0.7
2020,1,10,20,45,0,0,0,8.3,96.0,341,0.6
2020,1,10,21,45,0,0,0,8.0,97.6,10,0.8
2020,1,10,22,45,0,0,0,8.2,98.0,18,1.0
2020,1,10,23,45,0,0,0,8.2,98.0,17,1.0
2020,1,11,0,45,0,0,0,7.8,98.0,14,1.0
2020,1,11,1,45,0,0,0,7.2,98.6,10,1.1
2020,1,11,2,45,0,0,0,7.2,98.6,10,1.4
2020,1,11,3,45,0,0,0,7.3,98.3,14,1.6
2020,1,11,4,45,0,0,0,7.1,98.0,17,1.8
2020,1,11,5,45,0,0,0,6.9,96.0,20,1.9
2020,1,11,6,45,37,6,9,7.0,92.1,23,1.8
2020,1,11,7,45,426,61,142,7.8,89.3,26,1.4
2020,1,11,8,45,608,108,324,8.8,84.7,32,0.7
2020,1,11,9,45,725,130,487,10.3,76.8,152,0.2
2020,1,11,10,45,803,134,604,11.5,73.6,209,0.6
2020,1,11,11,45,746,167,634,11.7,75.4,210,1.1
2020,1,11,12,45,663,193,598,12.9,73.4,213,1.4
2020,1,11,13,45,847,105,566,14.0,71.1,215,1.5
2020,1,11,14,45,545,152,385,12.5,79.9,216,1.5
2020,1,11,15,45,186,133,188,10.8,89.9,213,1.6
2020,1,11,16,45,96,37,47,10.4,92.9,208,1.4
2020,1,11,17,45,0,0,0,10.4,94.2,203,1.0
2020,1,11,18,45,0,0,0,10.4,94.8,221,0.6
2020,1,11,19,45,0,0,0,10.0,97.4,294,0.3
2020,1,11,20,45,0,0,0,9.7,99.3,353,0.5
2020,1,11,21,45,0,0,0,9.2,99.3,8,0.7
2020,1,11,22,45,0,0,0,8.3,98.7,15,0.9
2020,1,11,23,45,0,0,0,8.0,97.6,18,1.1
2020,1,12,0,45,0,0,0,7.8,97.6,16,1.3
2020,1,12,1,45,0,0,0,7.5,97.3,9,1.3
2020,1,12,2,45,0,0,0,7.4,98.0,4,1.4
2020,1,12,3,45,0,0,0,7.3,98.6,9,1.5
2020,1,12,4,45,0,0,0,7.2,98.0,16,1.6
2020,1,12,5,45,0,0,0,7.1,97.3,15,1.5
2020,1,12,6,45,18,7,8,7.4,95.7,16,1.5
2020,1,12,7,45,313,69,131,8.2,91.5,23,1.4
2020,1,12,8,45,564,114,316,9.3,86.4,27,0.9
2020,1,12,9,45,663,146,472,11.3,79.9,280,0.4
2020,1,12,10,45,614,197,558,13.0,75.1,231,1.0
2020,1,12,11,45,738,168,631,13.4,75.5,231,1.4
2020,1,12,12,45,824,131,636,14.6,73.2,229,1.5
2020,1,12,13,45,838,106,564,15.6,71.9,228,1.6
2020,1,12,14,45,656,120,405,14.0,79.3,231,1.5
2020,1,12,15,45,477,95,223,12.3,87.3,229,1.4
2020,1,12,16,45,189,30,54,11.6,91.4,223,1.2
2020,1,12,17,45,0,0,0,11.4,93.6,244,0.7
2020,1,12,18,45,0,0,0,10.9,95.1,310,0.6
2020,1,12,19,45,0,0,0,10.0,97.4,340,0.7
2020,1,12,20,45,0,0,0,9.7,96.7,346,0.8
2020,1,12,21,45,0,0,0,9.8,94.8,349,0.8
2020,1,12,22,45,0,0,0,10.1,93.2,360,0.9
2020,1,12,23,45,0,0,0,10.3,92.0,11,1.1
2020,1,13,0,45,0,0,0,10.1,91.3,16,1.1
2020,1,13,1,45,0,0,0,9.9,90.1,22,1.1
2020,1,13,2,45,0,0,0,9.4,91.0,27,1.1
2020,1,13,3,45,0,0,0,8.7,93.4,27,1.1
2020,1,13,4,45,0,0,0,8.4,93.7,24,1.1
2020,1,13,5,45,0,0,0,8.3,93.1,21,1.1
2020,1,13,6,45,17,7,8,8.5,92.2,23,1.1
2020,1,13,7,45,269,73,127,9.3,91.3,25,1.1
2020,1,13,8,45,418,145,293,10.5,88.6,20,0.5
2020,1,13,9,45,669,145,476,12.4,80.6,219,0.4
2020,1,13,10,45,604,204,557,14.0,76.1,203,1.0
2020,1,13,11,45,664,195,614,14.2,77.6,196,1.3
2020,1,13,12,45,756,159,625,15.6,74.4,191,1.4
2020,1,13,13,45,794,124,560,16.8,71.2,187,1.6
2020,1,13,14,45,722,106,419,15.3,79.5,192,1.6
2020,1,13,15,45,193,128,191,13.2,88.6,202,1.5
2020,1,13,16,45,26,41,43,12.5,90.0,209,1.1
2020,1,13,17,45,0,0,0,12.4,90.9,168,0.4
2020,1,13,18,45,0,0,0,12.1,92.1,36,0.9
2020,1,13,19,45,0,0,0,11.0,95.8,32,1.2
2020,1,13,20,45,0,0,0,9.9,98.3,28,1.3
2020,1,13,21,45,0,0,0,9.9,97.4,24,1.2
2020,1,13,22,45,0,0,0,9.6,97.3,19,1.1
2020,1,13,23,45,0,0,0,9.2,97.7,13,1.1
2020,1,14,0,45,0,0,0,9.2,96.7,10,1.1
2020,1,14,1,45,0,0,0,9.8,96.0,7,1.2
2020,1,14,2,45,0,0,0,9.7,95.7,9,1.2
2020,1,14,3,45,0,0,0,9.2,95.4,14,1.2
2020,1,14,4,45,0,0,0,9.2,95.1,20,1.3
2020,1,14,5,45,0,0,0,9.4,93.5,26,1.4
2020,1,14,6,45,0,6,6,9.8,92.5,26,1.4
2020,1,14,7,45,0,44,44,10.2,93.2,26,1.4
2020,1,14,8,45,0,63,63,11.0,90.2,20,1.2
2020,1,14,9,45,0,214,214,13.3,79.2,359,0.8
2020,1,14,10,45,0,266,266,15.1,72.0,322,0.6
2020,1,14,11,45,0,297,297,15.0,71.1,281,0.5
2020,1,14,12,45,0,155,155,15.8,68.2,248,0.7
2020,1,14,13,45,0,90,90,16.6,66.6,251,0.7
2020,1,14,14,45,0,58,58,16.3,70.4,261,0.7
2020,1,14,15,45,0,55,55,16.0,74.6,265,0.5
2020,1,14,16,45,0,30,30,15.8,75.9,270,0.5
2020,1,14,17,45,0,0,0,15.6,77.9,295,0.7
2020,1,14,18,45,0,0,0,15.0,80.4,325,1.0
2020,1,14,19,45,0,0,0,12.7,86.5,333,1.1
2020,1,14,20,45,0,0,0,10.8,91.7,340,1.2
2020,1,14,21,45,0,0,0,10.2,91.6,353,1.2
2020,1,14,22,45,0,0,0,9.8,90.7,6,1.1
2020,1,14,23,45,0,0,0,9.5,89.7,13,0.9
2020,1,15,0,45,0,0,0,9.0,89.7,17,0.8
2020,1,15,1,45,0,0,0,8.5,90.0,22,0.9
2020,1,15,2,45,0,0,0,7.6,91.8,24,1.1
2020,1,15,3,45,0,0,0,7.0,92.7,24,1.2
2020,1,15,4,45,0,0,0,7.0,92.1,24,1.2
2020,1,15,5,45,0,0,0,7.1,92.1,24,1.3
2020,1,15,6,45,4,7,7,7.6,91.2,23,1.3
2020,1,15,7,45,192,76,119,8.7,89.1,21,1.3
2020,1,15,8,45,564,115,318,11.5,85.2,13,0.8
2020,1,15,9,45,704,139,490,14.9,74.6,280,0.3
2020,1,15,10,45,786,147,612,16.3,64.6,227,0.7
2020,1,15,11,45,833,141,668,16.4,62.4,242,1.1
2020,1,15,12,45,775,157,640,17.5,58.3,253,1.2
2020,1,15,13,45,830,117,577,18.8,54.0,259,1.3
2020,1,15,14,45,719,112,428,17.8,58.3,262,1.4
2020,1,15,15,45,545,87,241,16.6,64.8,259,1.3
2020,1,15,16,45,191,33,59,16.0,68.0,276,1.4
2020,1,15,17,45,0,0,0,15.4,69.0,307,1.5
2020,1,15,18,45,0,0,0,15.0,69.2,330,1.4
2020,1,15,19,45,0,0,0,13.4,73.5,351,1.2
2020,1,15,20,45,0,0,0,11.6,78.0,9,1.0
2020,1,15,21,45,0,0,0,11.0,80.7,15,0.8
2020,1,15,22,45,0,0,0,10.4,85.1,25,0.7
2020,1,15,23,45,0,0,0,10.2,86.2,28,0.7
2020,1,16,0,45,0,0,0,10.2,85.1,29,0.6
2020,1,16,1,45,0,0,0,10.5,83.7,20,0.6
2020,1,16,2,45,0,0,0,10.9,83.1,16,0.7
2020,1,16,3,45,0,0,0,10.8,84.8,23,0.8
2020,1,16,4,45,0,0,0,11.0,87.2,30,0.8
2020,1,16,5,45,0,0,0,11.0,91.1,34,1.0
2020,1,16,6,45,0,1,1,10.8,94.2,37,1.1
2020,1,16,7,45,0,29,29,11.0,96.1,27,1.2
2020,1,16,8,45,0,130,130,11.6,96.1,22,1.2
2020,1,16,9,45,20,202,211,13.2,87.8,36,0.7
2020,1,16,10,45,72,263,308,14.9,78.8,122,0.6
2020,1,16,11,45,50,267,298,15.5,73.4,145,1.5
2020,1,16,12,45,0,117,117,16.0,69.2,151,2.4
2020,1,16,13,45,0,67,67,15.8,70.8,160,2.6
2020,1,16,14,45,0,49,49,14.0,81.5,158,1.3
2020,1,16,15,45,0,38,38,12.6,91.2,191,0.3
2020,1,16,16,45,0,19,19,12.8,92.7,189,0.2
2020,1,16,17,45,0,0,0,12.9,93.3,73,0.6
2020,1,16,18,45,0,0,0,13.0,93.6,62,1.1
2020,1,16,19,45,0,0,0,12.2,94.2,63,1.1
2020,1,16,20,45,0,0,0,11.4,94.5,64,0.9
2020,1,16,21,45,0,0,0,11.5,93.9,56,0.7
2020,1,16,22,45,0,0,0,11.4,94.5,32,0.8
2020,1,16,23,45,0,0,0,10.9,96.1,14,0.8
2020,1,17,0,45,0,0,0,10.9,97.7,7,0.8
2020,1,17,1,45,0,0,0,10.6,98.7,9,0.9
2020,1,17,2,45,0,0,0,10.4,98.7,11,1.0
2020,1,17,3,45,0,0,0,10.0,99.0,20,0.9
2020,1,17,4,45,0,0,0,9.7,99.7,31,0.9
2020,1,17,5,45,0,0,0,9.7,100.0,28,1.1
2020,1,17,6,45,0,3,3,9.7,100.0,24,1.2
2020,1,17,7,45,0,14,14,10.2,99.7,23,1.1
2020,1,17,8,45,0,27,27,10.8,98.4,40,0.8
2020,1,17,9,45,0,67,67,11.6,95.2,114,0.7
2020,1,17,10,45,0,57,57,12.2,92.4,154,1.3
2020,1,17,11,45,0,52,52,11.8,91.7,167,1.7
2020,1,17,12,45,0,39,39,11.4,93.9,175,1.7
2020,1,17,13,45,0,22,22,11.4,94.2,186,1.5
2020,1,17,14,45,0,17,17,11.0,93.6,188,1.5
2020,1,17,15,45,0,16,16,10.4,96.4,169,1.1
2020,1,17,16,45,0,16,16,10.4,98.3,120,0.8
2020,1,17,17,45,0,0,0,10.8,98.0,67,0.9
2020,1,17,18,45,0,0,0,11.1,97.4,47,1.0
2020,1,17,19,45,0,0,0,10.8,96.7,39,1.0
2020,1,17,20,45,0,0,0,10.3,95.7,37,1.0
2020,1,17,21,45,0,0,0,9.8,95.1,35,1.0
2020,1,17,22,45,0,0,0,9.6,94.1,34,1.1
2020,1,17,23,45,0,0,0,9.7,94.4,31,1.2
2020,1,18,0,45,0,0,0,9.8,94.4,27,1.2
2020,1,18,1,45,0,0,0,10.0,93.5,25,1.3
2020,1,18,2,45,0,0,0,9.4,95.7,22,1.3
2020,1,18,3,45,0,0,0,8.6,98.0,21,1.2
2020,1,18,4,45,0,0,0,8.6,98.0,21,1.3
2020,1,18,5,45,0,0,0,8.6,98.0,16,1.5
2020,1,18,6,45,1,6,6,8.5,98.3,21,1.6
2020,1,18,7,45,0,51,51,8.6,97.7,26,1.5
2020,1,18,8,45,0,151,151,9.0,94.4,34,1.2
2020,1,18,9,45,5,294,297,11.0,88.7,58,0.8
2020,1,18,10,45,0,235,235,13.0,83.1,53,0.8
2020,1,18,11,45,0,371,371,12.8,82.3,50,0.9
2020,1,18,12,45,0,336,336,13.4,80.5,86,0.9
2020,1,18,13,45,0,209,209,14.3,77.4,114,0.8
2020,1,18,14,45,0,113,113,12.9,81.5,132,0.7
2020,1,18,15,45,0,112,112,10.9,89.3,120,0.7
2020,1,18,16,45,0,31,31,10.6,91.1,59,0.5
2020,1,18,17,45,0,0,0,11.4,86.4,15,0.6
2020,1,18,18,45,0,0,0,11.1,85.4,354,0.9
2020,1,18,19,45,0,0,0,9.9,88.3,355,1.1
2020,1,18,20,45,0,0,0,9.8,87.7,6,1.4
2020,1,18,21,45,0,0,0,9.4,86.4,12,1.7
2020,1,18,22,45,0,0,0,8.5,86.0,15,1.7
2020,1,18,23,45,0,0,0,8.0,86.0,17,1.7
2020,1,19,0,45,0,0,0,7.5,87.1,18,1.7
2020,1,19,1,45,0,0,0,7.1,87.4,17,1.8
2020,1,19,2,45,0,0,0,7.3,82.7,17,1.9
2020,1,19,3,45,0,0,0,7.4,78.2,20,2.0
2020,1,19,4,45,0,0,0,8.0,77.7,24,2.1
2020,1,19,5,45,0,0,0,8.7,77.0,23,2.0
2020,1,19,6,45,3,7,7,8.6,76.2,20,1.9
2020,1,19,7,45,120,85,113,8.8,78.1,20,1.8
2020,1,19,8,45,458,141,309,9.3,80.7,17,1.3
2020,1,19,9,45,606,176,481,11.0,73.4,351,0.6
2020,1,19,10,45,730,175,613,12.4,65.4,279,0.5
2020,1,19,11,45,832,151,686,12.4,65.0,243,1.0
2020,1,19,12,45,696,197,637,13.4,63.2,236,1.5
2020,1,19,13,45,255,287,437,14.5,62.2,240,1.8
2020,1,19,14,45,40,203,218,13.5,67.3,245,1.9
2020,1,19,15,45,474,105,243,12.3,73.8,247,2.0
2020,1,19,16,45,174,39,64,12.2,76.8,253,1.7
2020,1,19,17,45,0,0,0,12.4,77.6,274,1.5
2020,1,19,18,45,0,0,0,11.8,80.2,310,1.4
2020,1,19,19,45,0,0,0,9.5,85.6,348,1.2
2020,1,19,20,45,0,0,0,7.4,89.3,6,1.0
2020,1,19,21,45,0,0,0,6.8,91.7,9,1.0
2020,1,19,22,45,0,0,0,6.5,93.3,11,1.0
2020,1,19,23,45,0,0,0,6.4,92.7,11,1.0
2020,1,20,0,45,0,0,0,6.1,91.7,9,1.0
2020,1,20,1,45,0,0,0,5.8,91.4,8,1.1
2020,1,20,2,45,0,0,0,5.6,94.3,15,1.2
2020,1,20,3,45,0,0,0,5.6,96.9,18,1.2
2020,1,20,4,45,0,0,0,5.6,95.9,19,1.1
2020,1,20,5,45,0,0,0,5.8,94.6,21,1.1
2020,1,20,6,45,28,7,10,6.0,92.7,20,1.2
2020,1,20,7,45,328,71,141,7.8,88.4,21,1.1
2020,1,20,8,45,639,107,339,10.2,78.2,10,0.7
2020,1,20,9,45,494,205,453,11.0,69.1,278,0.4
2020,1,20,10,45,370,291,512,11.3,66.3,232,0.9
2020,1,20,11,45,419,291,563,11.4,66.8,225,1.1
2020,1,20,12,45,619,218,613,12.2,64.1,218,1.1
2020,1,20,13,45,91,339,391,13.0,60.3,216,1.3
2020,1,20,14,45,222,242,344,11.8,68.5,216,1.2
2020,1,20,15,45,0,141,141,10.6,80.1,212,1.1
2020,1,20,16,45,5,50,50,10.2,85.1,212,1.3
2020,1,20,17,45,0,0,0,10.3,87.1,226,1.1
2020,1,20,18,45,0,0,0,10.2,88.0,268,0.6
2020,1,20,19,45,0,0,0,9.6,90.4,342,0.6
2020,1,20,20,45,0,0,0,9.3,91.6,8,0.8
2020,1,20,21,45,0,0,0,8.9,92.2,9,0.7
2020,1,20,22,45,0,0,0,8.7,92.2,5,0.6
2020,1,20,23,45,0,0,0,9.0,91.6,4,0.7
2020,1,21,0,45,0,0,0,8.8,91.9,11,0.8
2020,1,21,1,45,0,0,0,8.2,92.8,14,0.8
2020,1,21,2,45,0,0,0,8.1,90.9,19,0.9
2020,1,21,3,45,0,0,0,8.1,89.0,22,0.9
2020,1,21,4,45,0,0,0,8.1,88.7,17,0.8
2020,1,21,5,45,0,0,0,8.5,87.2,16,0.9
2020,1,21,6,45,0,3,3,9.0,84.6,22,1.1
2020,1,21,7,45,0,31,31,9.2,84.4,26,1.3
2020,1,21,8,45,0,88,88,9.4,82.4,26,1.3
2020,1,21,9,45,0,151,151,9.9,76.2,25,0.9
2020,1,21,10,45,0,222,222,11.7,67.0,27,0.3
2020,1,21,11,45,0,127,127,13.8,59.3,217,0.2
2020,1,21,12,45,0,254,254,14.5,56.3,216,0.7
2020,1,21,13,45,266,287,434,15.4,54.8,214,0.9
2020,1,21,14,45,417,198,382,14.3,63.4,217,1.0
2020,1,21,15,45,425,118,240,12.8,74.9,219,1.0
2020,1,21,16,45,89,49,61,12.7,78.5,213,0.8
2020,1,21,17,45,0,0,0,12.6,80.6,255,0.4
2020,1,21,18,45,0,0,0,11.8,83.6,11,0.5
2020,1,21,19,45,0,0,0,9.6,87.4,22,0.8
2020,1,21,20,45,0,0,0,8.0,87.5,19,0.9
2020,1,21,21,45,0,0,0,7.9,86.9,16,0.9
2020,1,21,22,45,0,0,0,7.8,86.9,23,1.0
2020,1,21,23,45,0,0,0,8.0,86.0,23,1.1
2020,1,22,0,45,0,0,0,7.4,87.1,21,1.2
2020,1,22,1,45,0,0,0,6.5,89.2,22,1.3
2020,1,22,2,45,0,0,0,5.5,91.7,20,1.4
2020,1,22,3,45,0,0,0,4.8,93.6,20,1.4
2020,1,22,4,45,0,0,0,4.9,92.3,23,1.4
2020,1,22,5,45,0,0,0,5.0,91.3,24,1.4
2020,1,22,6,45,43,7,11,5.6,89.8,24,1.4
2020,1,22,7,45,506,54,157,6.6,88.3,22,1.5
2020,1,22,8,45,805,71,367,8.2,81.7,12,1.1
2020,1,22,9,45,906,83,544,11.6,68.0,322,0.6
2020,1,22,10,45,954,88,667,14.6,59.1,262,0.9
2020,1,22,11,45,971,91,724,15.1,57.4,246,1.4
2020,1,22,12,45,965,91,709,16.3,51.7,242,1.7
2020,1,22,13,45,926,91,624,17.4,47.3,241,1.9
2020,1,22,14,45,848,86,476,16.0,54.9,245,2.1
2020,1,22,15,45,696,72,284,14.4,64.6,245,1.9
2020,1,22,16,45,322,36,82,14.0,72.1,244,1.7
2020,1,22,17,45,0,0,0,13.8,75.3,256,1.7
2020,1,22,18,45,0,0,0,13.6,76.0,283,1.5
2020,1,22,19,45,0,0,0,11.8,83.0,317,1.3
2020,1,22,20,45,0,0,0,9.9,88.0,347,1.1
2020,1,22,21,45,0,0,0,9.0,89.1,3,1.0
2020,1,22,22,45,0,0,0,8.1,89.9,6,0.9
2020,1,22,23,45,0,0,0,7.7,90.9,9,1.0
2020,1,23,0,45,0,0,0,7.0,92.1,11,1.1
2020,1,23,1,45,0,0,0,6.4,92.4,13,1.1
2020,1,23,2,45,0,0,0,5.8,92.3,13,1.1
2020,1,23,3,45,0,0,0,5.4,92.3,15,1.1
2020,1,23,4,45,0,0,0,5.9,90.1,21,1.2
2020,1,23,5,45,0,0,0,6.6,88.3,23,1.3
2020,1,23,6,45,50,7,12,6.4,88.0,23,1.3
2020,1,23,7,45,463,62,157,7.2,87.7,23,1.3
2020,1,23,8,45,730,92,361,8.7,81.8,16,0.8
2020,1,23,9,45,813,116,531,11.5,67.0,282,0.4
2020,1,23,10,45,850,131,648,13.9,56.7,233,1.1
2020,1,23,11,45,849,143,698,14.2,56.2,230,1.6
2020,1,23,12,45,815,152,677,15.0,54.9,232,2.0
2020,1,23,13,45,777,144,594,15.8,54.4,237,2.3
2020,1,23,14,45,728,120,458,14.4,64.7,240,2.3
2020,1,23,15,45,622,87,277,12.9,74.9,243,2.1
2020,1,23,16,45,317,38,84,12.5,79.8,244,1.7
2020,1,23,17,45,0,0,0,12.0,84.7,245,1.4
2020,1,23,18,45,0,0,0,11.5,87.5,264,1.3
2020,1,23,19,45,0,0,0,9.9,92.3,304,1.0
2020,1,23,20,45,0,0,0,8.1,95.0,334,1.2
2020,1,23,21,45,0,0,0,7.0,95.6,337,1.3
2020,1,23,22,45,0,0,0,6.3,95.6,339,1.3
2020,1,23,23,45,0,0,0,6.2,93.6,342,1.3
2020,1,24,0,45,0,0,0,6.0,92.3,344,1.3
2020,1,24,1,45,0,0,0,5.6,90.7,349,1.3
2020,1,24,2,45,0,0,0,5.3,91.7,356,1.5
2020,1,24,3,45,0,0,0,5.1,92.9,4,1.6
2020,1,24,4,45,0,0,0,4.8,90.6,10,1.5
2020,1,24,5,45,0,0,0,4.6,87.8,14,1.5
2020,1,24,6,45,43,8,12,4.9,83.3,14,1.7
2020,1,24,7,45,425,66,154,6.3,79.1,12,1.9
2020,1,24,8,45,697,100,358,8.0,76.1,5,1.6
2020,1,24,9,45,783,125,528,11.2,62.2,336,0.9
2020,1,24,10,45,817,145,644,14.4,49.5,286,0.8
2020,1,24,11,45,841,148,701,15.2,49.0,250,1.1
2020,1,24,12,45,830,149,686,16.4,48.0,231,1.6
2020,1,24,13,45,866,115,618,17.4,48.6,218,1.9
2020,1,24,14,45,800,101,476,15.7,60.4,207,1.9
2020,1,24,15,45,508,107,267,14.0,73.6,199,1.7
2020,1,24,16,45,118,55,73,13.5,80.7,193,1.5
2020,1,24,17,45,0,0,0,13.2,85.4,175,1.3
2020,1,24,18,45,0,0,0,12.5,89.7,151,1.0
2020,1,24,19,45,0,0,0,11.1,95.5,134,0.7
2020,1,24,20,45,0,0,0,10.2,97.7,117,0.6
2020,1,24,21,45,0,0,0,9.8,98.0,104,0.6
2020,1,24,22,45,0,0,0,9.5,98.7,82,0.7
2020,1,24,23,45,0,0,0,9.8,98.3,63,0.8
2020,1,25,0,45,0,0,0,9.5,98.3,62,0.9
2020,1,25,1,45,0,0,0,9.4,98.7,62,0.9
2020,1,25,2,45,0,0,0,9.8,98.3,50,0.9
2020,1,25,3,45,0,0,0,9.6,98.0,37,1.1
2020,1,25,4,45,0,0,0,9.0,98.0,34,1.1
2020,1,25,5,45,0,0,0,8.7,97.7,37,1.1
2020,1,25,6,45,17,9,10,8.6,97.0,39,1.0
2020,1,25,7,45,40,99,109,8.6,96.3,40,0.9
2020,1,25,8,45,517,127,329,8.6,94.4,87,0.5
2020,1,25,9,45,861,94,538,10.4,84.9,166,0.8
2020,1,25,10,45,782,152,630,12.7,75.9,189,1.2
2020,1,25,11,45,414,306,578,13.0,74.9,203,1.4
2020,1,25,12,45,4,417,420,13.6,73.3,214,1.5
2020,1,25,13,45,0,218,218,15.1,68.3,220,1.6
2020,1,25,14,45,0,177,177,14.4,72.0,215,1.8
2020,1,25,15,45,0,155,155,13.0,80.1,213,1.7
2020,1,25,16,45,50,56,62,12.8,83.9,218,1.4
2020,1,25,17,45,0,0,0,12.8,87.1,218,1.1
2020,1,25,18,45,0,0,0,12.9,88.2,233,0.7
2020,1,25,19,45,0,0,0,11.8,92.1,270,0.6
2020,1,25,20,45,0,0,0,10.6,95.8,295,0.5
2020,1,25,21,45,0,0,0,10.4,96.4,320,0.4
2020,1,25,22,45,0,0,0,10.6,96.1,330,0.4
2020,1,25,23,45,0,0,0,11.0,94.5,328,0.5
2020,1,26,0,45,0,0,0,10.9,93.9,322,0.6
2020,1,26,1,45,0,0,0,10.4,94.2,324,0.7
2020,1,26,2,45,0,0,0,9.3,94.1,328,0.8
2020,1,26,3,45,0,0,0,8.1,94.4,342,0.8
2020,1,26,4,45,0,0,0,8.0,94.7,0,0.7
2020,1,26,5,45,0,0,0,8.0,95.0,9,0.6
2020,1,26,6,45,4,8,9,8.3,95.0,9,0.7
2020,1,26,7,45,72,93,111,8.6,93.8,360,0.7
2020,1,26,8,45,462,140,318,8.5,92.2,300,0.5
2020,1,26,9,45,682,152,506,10.8,84.4,241,0.8
2020,1,26,10,45,745,169,629,13.3,75.0,230,1.2
2020,1,26,11,45,737,190,679,13.4,72.2,232,1.5
2020,1,26,12,45,433,302,585,14.9,66.7,233,1.9
2020,1,26,13,45,22,287,301,16.3,62.6,231,2.2
2020,1,26,14,45,0,141,141,14.8,72.4,229,2.3
2020,1,26,15,45,0,91,91,13.2,83.1,229,2.1
2020,1,26,16,45,1,33,33,13.3,83.7,228,1.7
2020,1,26,17,45,0,0,0,14.2,80.6,228,1.3
2020,1,26,18,45,0,0,0,14.3,80.6,236,0.6
2020,1,26,19,45,0,0,0,12.2,87.3,331,0.3
2020,1,26,20,45,0,0,0,10.4,92.0,9,0.7
2020,1,26,21,45,0,0,0,9.4,92.8,4,0.7
2020,1,26,22,45,0,0,0,9.4,92.2,352,0.7
2020,1,26,23,45,0,0,0,9.6,91.9,341,0.9
2020,1,27,0,45,0,0,0,8.5,93.7,342,1.1
2020,1,27,1,45,0,0,0,7.8,94.0,350,1.1
2020,1,27,2,45,0,0,0,7.8,94.7,0,1.0
2020,1,27,3,45,0,0,0,7.8,96.3,12,0.9
2020,1,27,4,45,0,0,0,7.9,96.3,19,1.2
2020,1,27,5,45,0,0,0,7.8,96.3,23,1.5
2020,1,27,6,45,5,9,9,8.0,96.3,27,1.7
2020,1,27,7,45,0,73,73,8.4,96.0,28,1.6
2020,1,27,8,45,102,211,251,8.5,95.4,23,0.9
2020,1,27,9,45,522,189,471,11.0,86.7,293,0.4
2020,1,27,10,45,406,285,533,13.5,78.3,249,0.9
2020,1,27,11,45,15,409,420,13.8,77.3,247,1.1
2020,1,27,12,45,0,201,201,14.6,75.7,240,1.4
2020,1,27,13,45,0,142,142,15.6,73.1,237,1.5
2020,1,27,14,45,0,100,100,14.9,76.8,238,1.5
2020,1,27,15,45,0,98,98,14.1,81.1,234,1.4
2020,1,27,16,45,38,48,51,13.8,83.5,212,1.1
2020,1,27,17,45,0,0,0,14.0,84.3,192,0.7
2020,1,27,18,45,0,0,0,13.8,84.3,75,0.3
2020,1,27,19,45,0,0,0,12.0,90.0,37,0.9
2020,1,27,20,45,0,0,0,10.8,92.9,26,1.0
2020,1,27,21,45,0,0,0,10.2,93.2,21,0.9
2020,1,27,22,45,0,0,0,9.9,94.1,23,1.0
2020,1,27,23,45,0,0,0,9.7,95.1,24,1.3
2020,1,28,0,45,0,0,0,9.2,96.4,23,1.3
2020,1,28,1,45,0,0,0,8.6,97.7,23,1.3
2020,1,28,2,45,0,0,0,7.8,98.3,21,1.2
2020,1,28,3,45,0,0,0,7.0,97.3,21,1.1
2020,1,28,4,45,0,0,0,7.2,95.6,22,1.2
2020,1,28,5,45,0,0,0,7.4,93.7,23,1.3
2020,1,28,6,45,0,9,9,7.6,92.4,26,1.5
2020,1,28,7,45,4,97,98,9.7,88.0,27,1.7
2020,1,28,8,45,302,174,293,12.5,80.1,33,1.5
2020,1,28,9,45,363,250,437,14.2,69.6,58,1.0
2020,1,28,10,45,65,259,297,15.5,61.4,81,1.0
2020,1,28,11,45,0,116,116,15.8,60.2,99,1.2
2020,1,28,12,45,98,267,331,16.3,62.8,114,1.4
2020,1,28,13,45,53,234,267,16.8,65.3,128,1.5
2020,1,28,14,45,0,47,47,15.5,71.7,152,1.4
2020,1,28,15,45,0,51,51,14.2,78.4,186,0.9
2020,1,28,16,45,0,36,36,14.2,80.0,245,0.6
2020,1,28,17,45,0,0,0,14.8,78.8,302,0.7
2020,1,28,18,45,0,0,0,14.6,79.8,352,0.8
2020,1,28,19,45,0,0,0,12.9,86.2,22,0.8
2020,1,28,20,45,0,0,0,11.9,89.0,39,1.0
2020,1,28,21,45,0,0,0,11.6,88.1,47,1.2
2020,1,28,22,45,0,0,0,11.6,88.1,48,1.3
2020,1,28,23,45,0,0,0,11.5,89.6,49,1.7
2020,1,29,0,45,0,0,0,11.2,91.4,46,1.9
2020,1,29,1,45,0,0,0,10.8,92.9,38,2.0
2020,1,29,2,45,0,0,0,9.8,95.4,29,1.9
2020,1,29,3,45,0,0,0,9.0,97.7,22,2.0
2020,1,29,4,45,0,0,0,9.0,97.0,20,2.3
2020,1,29,5,45,0,0,0,9.2,95.1,26,2.3
2020,1,29,6,45,0,4,4,9.6,93.2,28,2.1
2020,1,29,7,45,0,8,8,9.8,93.5,23,2.0
2020,1,29,8,45,0,43,43,9.7,94.4,23,1.7
2020,1,29,9,45,0,150,150,10.9,89.3,27,1.4
2020,1,29,10,45,0,121,121,12.5,84.4,27,1.2
2020,1,29,11,45,0,91,91,12.6,83.9,20,0.7
2020,1,29,12,45,0,156,156,13.0,80.7,34,0.3
2020,1,29,13,45,0,53,53,13.8,77.3,42,0.4
2020,1,29,14,45,0,59,59,13.3,79.9,71,0.3
2020,1,29,15,45,0,41,41,12.5,83.1,254,0.3
2020,1,29,16,45,0,29,29,12.8,83.4,329,0.6
2020,1,29,17,45,0,1,1,12.8,82.5,2,1.1
2020,1,29,18,45,0,0,0,12.2,83.3,18,1.3
2020,1,29,19,45,0,0,0,10.3,87.1,17,1.2
2020,1,29,20,45,0,0,0,8.9,88.5,15,1.2
2020,1,29,21,45,0,0,0,8.2,89.0,16,1.3
2020,1,29,22,45,0,0,0,7.4,89.9,17,1.4
2020,1,29,23,45,0,0,0,7.2,89.6,17,1.4
2020,1,30,0,45,0,0,0,6.8,89.9,15,1.5
2020,1,30,1,45,0,0,0,6.4,90.1,15,1.5
2020,1,30,2,45,0,0,0,5.8,91.0,16,1.5
2020,1,30,3,45,0,0,0,5.4,92.0,16,1.5
2020,1,30,4,45,0,0,0,5.4,92.3,17,1.4
2020,1,30,5,45,0,0,0,5.4,92.6,18,1.3
2020,1,30,6,45,0,7,7,6.0,92.3,19,1.4
2020,1,30,7,45,42,97,108,7.4,93.1,18,1.5
2020,1,30,8,45,400,163,321,9.0,89.5,10,1.1
2020,1,30,9,45,767,134,540,12.5,72.4,335,0.4
2020,1,30,10,45,713,190,637,14.8,60.8,234,0.5
2020,1,30,11,45,418,320,602,14.6,60.8,216,1.1
2020,1,30,12,45,166,400,511,15.5,58.0,219,1.6
2020,1,30,13,45,23,353,368,16.6,55.1,232,1.7
2020,1,30,14,45,0,234,234,15.2,60.2,243,1.7
2020,1,30,15,45,79,179,201,14.0,65.6,248,1.8
2020,1,30,16,45,186,58,88,14.0,69.0,257,1.7
2020,1,30,17,45,1,1,1,13.8,72.3,278,1.5
2020,1,30,18,45,0,0,0,13.0,74.4,309,1.4
2020,1,30,19,45,0,0,0,10.9,81.8,339,1.2
2020,1,30,20,45,0,0,0,9.2,88.2,355,1.1
2020,1,30,21,45,0,0,0,8.0,91.8,0,0.9
2020,1,30,22,45,0,0,0,7.1,94.7,0,0.9
2020,1,30,23,45,0,0,0,7.0,94.7,3,1.0
2020,1,31,0,45,0,0,0,6.8,95.3,7,1.2
2020,1,31,1,45,0,0,0,6.1,95.3,11,1.3
2020,1,31,2,45,0,0,0,5.2,95.6,12,1.2
2020,1,31,3,45,0,0,0,4.7,96.6,11,1.1
2020,1,31,4,45,0,0,0,4.9,95.6,12,1.0
2020,1,31,5,45,0,0,0,5.2,93.9,16,0.9
2020,1,31,6,45,44,10,14,6.0,92.0,22,0.8
2020,1,31,7,45,394,73,162,7.4,89.9,24,0.9
2020,1,31,8,45,819,73,390,8.6,82.6,20,0.5
2020,1,31,9,45,922,82,573,11.4,69.1,238,0.3
2020,1,31,10,45,964,90,698,14.2,60.6,215,1.0
2020,1,31,11,45,939,111,749,14.5,59.1,215,1.6
2020,1,31,12,45,803,164,703,15.8,55.7,217,1.9
2020,1,31,13,45,557,224,569,17.0,54.1,218,2.0
2020,1,31,14,45,86,297,339,15.6,61.7,219,1.9
2020,1,31,15,45,19,195,203,14.3,69.1,216,1.7
2020,1,31,16,45,37,71,75,14.2,71.6,216,1.5
2020,1,31,17,45,2,1,1,14.5,72.7,221,1.3
2020,1,31,18,45,0,0,0,14.6,73.7,230,0.9
2020,1,31,19,45,0,0,0,12.6,80.7,242,0.5
2020,1,31,20,45,0,0,0,10.5,87.1,259,0.3
2020,1,31,21,45,0,0,0,9.9,89.2,295,0.2
2020,1,31,22,45,0,0,0,9.5,91.9,327,0.5
2020,1,31,23,45,0,0,0,9.3,94.1,333,0.7
2020,2,1,0,45,0,0,0,8.9,95.0,340,0.7
2020,2,1,1,45,0,0,0,8.6,94.7,356,0.8
2020,2,1,2,45,0,0,0,8.3,95.0,18,0.8
2020,2,1,3,45,0,0,0,7.4,97.3,32,0.9
2020,2,1,4,45,0,0,0,7.4,97.6,29,1.1
2020,2,1,5,45,0,0,0,7.6,96.0,24,1.3
2020,2,1,6,45,1,11,11,8.0,93.7,21,1.2
2020,2,1,7,45,0,82,82,9.8,86.5,20,1.0
2020,2,1,8,45,8,212,216,11.1,78.5,348,0.5
2020,2,1,9,45,29,335,350,11.6,71.2,233,0.5
2020,2,1,10,45,1,385,386,12.9,65.1,217,1.1
2020,2,1,11,45,137,418,512,13.2,62.8,221,1.5
2020,2,1,12,45,61,444,485,13.6,60.3,224,1.8
2020,2,1,13,45,77,391,439,14.2,58.6,231,1.8
2020,2,1,14,45,0,289,289,13.2,59.8,238,1.8
2020,2,1,15,45,40,201,214,12.3,62.3,251,1.7
2020,2,1,16,45,185,62,91,12.2,65.0,268,1.4
2020,2,1,17,45,1,1,1,12.6,63.9,286,1.3
2020,2,1,18,45,0,0,0,12.0,65.2,305,1.5
2020,2,1,19,45,0,0,0,9.7,74.1,322,1.5
2020,2,1,20,45,0,0,0,8.0,80.5,338,1.5
2020,2,1,21,45,0,0,0,7.3,82.7,356,1.4
2020,2,1,22,45,0,0,0,7.0,84.4,5,1.3
2020,2,1,23,45,0,0,0,7.0,84.7,7,1.2
2020,2,2,0,45,0,0,0,6.3,86.4,9,1.2
2020,2,2,1,45,0,0,0,5.4,89.1,12,1.2
2020,2,2,2,45,0,0,0,4.6,92.9,12,1.2
2020,2,2,3,45,0,0,0,3.9,95.5,9,1.3
2020,2,2,4,45,0,0,0,4.0,94.9,9,1.3
2020,2,2,5,45,0,0,0,4.1,94.5,11,1.3
2020,2,2,6,45,67,10,16,4.7,91.6,15,1.3
2020,2,2,7,45,541,58,180,6.0,87.9,15,1.4
2020,2,2,8,45,870,64,404,7.1,79.1,1,1.0
2020,2,2,9,45,959,72,588,10.0,63.3,297,0.7
2020,2,2,10,45,1006,74,716,13.1,55.2,258,1.1
2020,2,2,11,45,1015,79,775,13.6,54.7,251,1.5
2020,2,2,12,45,1010,79,763,15.6,51.6,247,1.8
2020,2,2,13,45,983,77,680,17.5,49.6,244,1.9
2020,2,2,14,45,918,75,532,16.2,56.4,240,2.0
2020,2,2,15,45,700,81,325,14.6,66.0,233,2.0
2020,2,2,16,45,341,54,110,14.2,72.4,226,1.8
2020,2,2,17,45,6,2,2,14.3,73.6,227,1.5
2020,2,2,18,45,0,0,0,14.0,73.8,231,1.0
2020,2,2,19,45,0,0,0,11.8,81.4,252,0.4
2020,2,2,20,45,0,0,0,9.2,89.7,330,0.3
2020,2,2,21,45,0,0,0,7.8,93.1,355,0.6
2020,2,2,22,45,0,0,0,7.6,94.0,3,0.8
2020,2,2,23,45,0,0,0,8.1,94.0,8,1.0
2020,2,3,0,45,0,0,0,7.7,95.3,15,1.1
2020,2,3,1,45,0,0,0,7.1,96.3,20,1.3
2020,2,3,2,45,0,0,0,6.5,96.3,20,1.6
2020,2,3,3,45,0,0,0,5.8,96.6,20,1.9
2020,2,3,4,45,0,0,0,5.8,96.3,20,2.0
2020,2,3,5,45,0,0,0,5.9,95.3,21,2.1
2020,2,3,6,45,59,11,17,6.7,92.1,22,2.2
2020,2,3,7,45,569,56,184,7.5,87.2,22,1.8
2020,2,3,8,45,868,64,406,8.4,80.3,24,0.9
2020,2,3,9,45,954,73,588,11.9,67.4,220,0.3
2020,2,3,10,45,991,79,715,14.8,59.2,210,1.1
2020,2,3,11,45,975,97,769,15.2,60.5,212,1.5
2020,2,3,12,45,683,216,682,15.8,61.2,212,1.8
2020,2,3,13,45,574,228,586,16.6,60.6,213,1.8
2020,2,3,14,45,281,257,402,15.7,65.1,215,1.8
2020,2,3,15,45,34,193,207,14.4,71.9,213,1.7
2020,2,3,16,45,19,69,70,14.2,74.8,211,1.6
2020,2,3,17,45,4,2,2,14.3,75.9,204,1.2
2020,2,3,18,45,0,0,0,14.2,78.2,186,0.7
2020,2,3,19,45,0,0,0,11.4,87.7,192,0.2
2020,2,3,20,45,0,0,0,9.0,96.0,337,0.2
2020,2,3,21,45,0,0,0,8.9,96.0,6,0.5
2020,2,3,22,45,0,0,0,8.9,96.0,10,0.6
2020,2,3,23,45,0,0,0,9.0,95.7,14,0.6
2020,2,4,0,45,0,0,0,8.6,95.4,20,0.7
2020,2,4,1,45,0,0,0,8.1,95.0,20,1.0
2020,2,4,2,45,0,0,0,7.4,96.3,21,1.1
2020,2,4,3,45,0,0,0,6.8,97.6,22,1.2
2020,2,4,4,45,0,0,0,7.2,96.3,22,1.5
2020,2,4,5,45,0,0,0,7.8,95.0,27,1.7
2020,2,4,6,45,40,12,16,7.8,94.0,29,1.8
2020,2,4,7,45,433,72,174,7.6,90.9,30,1.6
2020,2,4,8,45,808,81,401,7.8,83.4,47,0.8
2020,2,4,9,45,902,93,583,9.4,74.3,158,0.5
2020,2,4,10,45,944,101,710,13.7,61.8,188,1.1
2020,2,4,11,45,767,188,718,16.8,55.4,186,1.5
2020,2,4,12,45,465,304,623,17.2,54.9,185,1.6
2020,2,4,13,45,411,287,546,17.6,53.5,190,1.5
2020,2,4,14,45,54,301,331,16.1,60.6,203,1.5
2020,2,4,15,45,0,176,176,14.7,69.6,216,1.7
2020,2,4,16,45,8,66,67,14.5,72.4,221,1.6
2020,2,4,17,45,3,2,2,14.2,75.1,238,1.3
2020,2,4,18,45,0,0,0,14.2,76.4,265,1.1
2020,2,4,19,45,0,0,0,12.0,82.5,299,0.9
2020,2,4,20,45,0,0,0,9.6,89.4,343,0.7
2020,2,4,21,45,0,0,0,9.0,90.0,8,0.7
2020,2,4,22,45,0,0,0,8.8,90.0,12,0.7
2020,2,4,23,45,0,0,0,8.7,89.7,12,0.7
2020,2,5,0,45,0,0,0,8.1,90.9,4,0.8
2020,2,5,1,45,0,0,0,7.2,93.4,3,1.0
2020,2,5,2,45,0,0,0,6.4,95.9,5,1.2
2020,2,5,3,45,0,0,0,6.0,97.3,7,1.3
2020,2,5,4,45,0,0,0,5.9,96.3,14,1.3
2020,2,5,5,45,0,0,0,5.9,94.9,18,1.3
2020,2,5,6,45,48,13,17,6.3,93.3,18,1.4
2020,2,5,7,45,529,62,184,7.4,91.5,17,1.5
2020,2,5,8,45,831,74,406,8.7,85.2,357,1.0
2020,2,5,9,45,923,85,590,12.2,67.2,288,0.8
2020,2,5,10,45,961,93,717,15.6,53.8,253,1.4
2020,2,5,11,45,951,110,772,16.3,52.6,248,1.8
2020,2,5,12,45,940,112,759,17.4,51.2,246,2.2
2020,2,5,13,45,893,114,672,18.5,49.5,246,2.6
2020,2,5,14,45,836,101,527,17.3,55.4,246,2.8
2020,2,5,15,45,701,85,331,15.8,62.3,245,2.6
2020,2,5,16,45,401,49,120,15.2,66.7,243,1.9
2020,2,5,17,45,6,2,3,14.9,69.4,250,1.5
2020,2,5,18,45,0,0,0,14.4,70.0,274,1.5
2020,2,5,19,45,0,0,0,11.5,79.6,309,1.2
2020,2,5,20,45,0,0,0,8.9,89.1,346,1.0
2020,2,5,21,45,0,0,0,8.5,89.7,3,0.9
2020,2,5,22,45,0,0,0,8.4,89.7,8,0.7
2020,2,5,23,45,0,0,0,8.4,89.1,9,0.6
2020,2,6,0,45,0,0,0,7.5,90.8,9,0.7
2020,2,6,1,45,0,0,0,6.7,93.0,8,0.7
2020,2,6,2,45,0,0,0,6.3,93.0,9,0.7
2020,2,6,3,45,0,0,0,6.0,93.3,18,0.6
2020,2,6,4,45,0,0,0,6.2,94.6,30,0.7
2020,2,6,5,45,0,0,0,6.3,95.3,30,0.8
2020,2,6,6,45,21,14,16,6.0,94.3,27,1.0
2020,2,6,7,45,346,84,170,6.4,92.4,33,1.0
2020,2,6,8,45,785,88,404,7.3,86.3,85,0.6
2020,2,6,9,45,882,103,588,10.4,71.9,171,0.9
2020,2,6,10,45,911,119,712,13.5,61.3,190,1.4
2020,2,6,11,45,696,222,709,13.7,60.1,196,1.6
2020,2,6,12,45,430,321,620,14.8,56.4,196,1.8
2020,2,6,13,45,142,379,469,16.1,52.4,196,1.9
2020,2,6,14,45,180,293,387,15.1,58.1,201,1.7
2020,2,6,15,45,213,186,260,13.9,65.8,207,1.6
2020,2,6,16,45,150,76,101,13.8,66.4,208,1.4
2020,2,6,17,45,5,3,3,14.0,66.7,220,1.1
2020,2,6,18,45,0,0,0,13.8,69.7,250,0.6
2020,2,6,19,45,0,0,0,12.0,75.3,320,0.3
2020,2,6,20,45,0,0,0,9.8,81.9,4,0.6
2020,2,6,21,45,0,0,0,8.5,86.1,16,0.7
2020,2,6,22,45,0,0,0,7.7,88.1,17,0.7
2020,2,6,23,45,0,0,0,7.6,88.4,18,0.6
2020,2,7,0,45,0,0,0,7.0,89.2,18,0.6
2020,2,7,1,45,0,0,0,6.5,90.8,20,0.7
2020,2,7,2,45,0,0,0,6.1,93.0,20,0.7
2020,2,7,3,45,0,0,0,5.6,94.9,17,0.7
2020,2,7,4,45,0,0,0,6.1,94.9,20,0.9
2020,2,7,5,45,0,0,0,6.6,95.0,25,1.2
2020,2,7,6,45,2,15,15,6.6,94.3,27,1.5
2020,2,7,7,45,155,107,148,7.0,91.8,28,1.4
2020,2,7,8,45,653,118,387,7.6,88.4,53,0.6
2020,2,7,9,45,816,127,578,9.4,79.4,162,0.8
2020,2,7,10,45,865,140,706,13.4,63.5,171,1.7
2020,2,7,11,45,832,170,755,16.0,53.7,176,2.1
2020,2,7,12,45,536,290,663,16.3,49.2,185,2.2
2020,2,7,13,45,696,200,640,16.7,46.6,192,2.1
2020,2,7,14,45,670,161,507,15.3,51.7,198,2.0
2020,2,7,15,45,569,116,320,13.8,57.7,205,1.8
2020,2,7,16,45,287,61,114,13.8,62.9,218,1.5
2020,2,7,17,45,4,3,3,14.4,63.9,257,0.9
2020,2,7,18,45,0,0,0,13.6,66.3,326,0.7
2020,2,7,19,45,0,0,0,11.0,76.9,360,0.8
2020,2,7,20,45,0,0,0,9.6,81.6,15,0.8
2020,2,7,21,45,0,0,0,8.7,83.4,23,0.8
2020,2,7,22,45,0,0,0,7.8,85.4,22,0.8
2020,2,7,23,45,0,0,0,7.2,87.4,24,0.9
2020,2,8,0,45,0,0,0,6.1,90.1,25,0.9
2020,2,8,1,45,0,0,0,5.6,90.1,27,1.0
2020,2,8,2,45,0,0,0,5.1,92.0,26,1.2
2020,2,8,3,45,0,0,0,4.6,94.2,22,1.3
2020,2,8,4,45,0,0,0,5.0,92.9,20,1.3
2020,2,8,5,45,0,0,0,5.3,91.6,18,1.3
2020,2,8,6,45,1,13,13,5.5,90.4,18,1.3
2020,2,8,7,45,80,111,134,8.5,83.2,18,1.3
2020,2,8,8,45,491,153,360,11.8,71.3,8,0.7
2020,2,8,9,45,780,137,572,13.1,62.1,262,0.4
2020,2,8,10,45,837,150,701,14.5,56.5,227,1.0
2020,2,8,11,45,860,154,763,15.1,54.9,227,1.6
2020,2,8,12,45,862,151,754,16.2,52.6,231,2.0
2020,2,8,13,45,830,144,672,17.0,49.8,239,2.1
2020,2,8,14,45,728,140,519,16.0,54.3,249,2.1
2020,2,8,15,45,603,109,327,14.8,60.2,253,2.0
2020,2,8,16,45,340,58,121,14.6,62.6,252,1.6
2020,2,8,17,45,7,3,4,14.0,65.8,269,1.5
2020,2,8,18,45,0,0,0,13.0,68.1,304,1.3
2020,2,8,19,45,0,0,0,11.4,73.9,349,1.0
2020,2,8,20,45,0,0,0,9.7,80.8,21,0.9
2020,2,8,21,45,0,0,0,8.7,83.2,30,0.8
2020,2,8,22,45,0,0,0,7.9,84.8,33,0.8
2020,2,8,23,45,0,0,0,7.7,85.4,36,0.9
2020,2,9,0,45,0,0,0,7.2,87.1,31,0.9
2020,2,9,1,45,0,0,0,6.9,88.0,25,0.9
2020,2,9,2,45,0,0,0,5.9,91.4,22,1.1
2020,2,9,3,45,0,0,0,4.6,94.9,19,1.2
2020,2,9,4,45,0,0,0,4.8,93.9,18,1.3
2020,2,9,5,45,0,0,0,4.9,93.2,17,1.4
2020,2,9,6,45,46,16,20,5.8,89.8,20,1.5
2020,2,9,7,45,463,74,189,7.3,85.0,23,1.5
2020,2,9,8,45,846,75,423,8.9,76.4,28,1.0
2020,2,9,9,45,933,86,608,11.4,63.3,123,0.3
2020,2,9,10,45,972,93,736,15.5,51.5,200,1.0
2020,2,9,11,45,974,102,795,17.9,47.4,210,1.5
2020,2,9,12,45,965,103,783,18.4,48.5,216,1.7
2020,2,9,13,45,929,103,698,18.9,49.5,219,1.8
2020,2,9,14,45,855,101,549,17.8,53.8,223,1.8
2020,2,9,15,45,724,87,351,16.4,59.6,224,1.8
2020,2,9,16,45,435,53,133,16.0,63.2,223,1.6
2020,2,9,17,45,13,4,5,16.0,63.8,238,1.3
2020,2,9,18,45,0,0,0,13.6,71.5,281,1.1
2020,2,9,19,45,0,0,0,10.6,83.1,324,1.1
2020,2,9,20,45,0,0,0,10.0,85.9,350,1.1
2020,2,9,21,45,0,0,0,9.3,87.6,0,1.0
2020,2,9,22,45,0,0,0,8.5,89.7,3,0.9
2020,2,9,23,45,0,0,0,8.3,90.3,7,0.9
2020,2,10,0,45,0,0,0,7.4,93.1,9,1.0
2020,2,10,1,45,0,0,0,6.7,95.3,13,1.1
2020,2,10,2,45,0,0,0,6.4,95.0,12,1.2
2020,2,10,3,45,0,0,0,6.2,94.6,11,1.3
2020,2,10,4,45,0,0,0,6.6,92.7,16,1.3
2020,2,10,5,45,0,0,0,7.2,90.5,21,1.1
2020,2,10,6,45,16,17,19,7.4,89.0,22,1.1
2020,2,10,7,45,358,87,179,8.2,87.8,23,1.0
2020,2,10,8,45,742,102,410,9.4,82.4,20,0.4
2020,2,10,9,45,851,117,597,12.6,67.3,211,0.6
2020,2,10,10,45,898,127,726,16.0,57.8,211,1.2
2020,2,10,11,45,931,124,790,16.5,58.2,212,1.6
2020,2,10,12,45,916,128,776,17.6,55.8,215,1.9
2020,2,10,13,45,878,127,692,18.8,53.1,217,2.0
2020,2,10,14,45,803,119,543,17.8,56.8,221,2.1
2020,2,10,15,45,658,101,344,16.7,62.1,224,2.0
2020,2,10,16,45,371,59,130,16.4,65.0,225,1.7
2020,2,10,17,45,10,4,5,16.9,63.4,237,1.3
2020,2,10,18,45,0,0,0,14.4,68.1,273,1.0
2020,2,10,19,45,0,0,0,11.0,82.1,313,1.1
2020,2,10,20,45,0,0,0,10.5,88.3,340,1.2
2020,2,10,21,45,0,0,0,9.6,90.1,355,1.2
2020,2,10,22,45,0,0,0,9.0,91.6,0,1.2
2020,2,10,23,45,0,0,0,9.0,90.6,357,1.1
2020,2,11,0,45,0,0,0,8.6,91.2,357,1.0
2020,2,11,1,45,0,0,0,8.4,92.5,3,0.9
2020,2,11,2,45,0,0,0,7.5,93.1,9,1.0
2020,2,11,3,45,0,0,0,6.6,94.3,10,1.1
2020,2,11,4,45,0,0,0,6.8,94.6,16,1.5
2020,2,11,5,45,0,0,0,7.1,94.0,22,1.7
2020,2,11,6,45,14,18,19,7.8,92.8,22,1.7
2020,2,11,7,45,358,88,181,9.1,90.6,21,1.6
2020,2,11,8,45,740,103,413,10.1,88.0,5,0.8
2020,2,11,9,45,842,121,598,13.4,75.0,252,0.6
2020,2,11,10,45,889,132,727,17.0,62.8,225,1.3
2020,2,11,11,45,902,138,787,17.4,61.2,223,1.8
2020,2,11,12,45,841,162,761,18.4,57.3,223,2.0
2020,2,11,13,45,830,148,685,19.5,53.1,224,2.0
2020,2,11,14,45,724,146,531,18.5,57.3,228,2.0
2020,2,11,15,45,550,124,330,17.3,63.0,227,2.0
2020,2,11,16,45,289,67,123,17.0,64.7,223,1.7
2020,2,11,17,45,8,4,5,17.2,64.3,227,1.4
2020,2,11,18,45,0,0,0,16.0,69.0,252,1.1
2020,2,11,19,45,0,0,0,13.2,81.0,303,0.9
2020,2,11,20,45,0,0,0,11.2,88.7,343,1.0
2020,2,11,21,45,0,0,0,10.0,90.7,355,1.2
2020,2,11,22,45,0,0,0,9.4,91.6,0,1.0
2020,2,11,23,45,0,0,0,9.4,91.3,3,0.9
2020,2,12,0,45,0,0,0,9.2,91.6,6,1.0
2020,2,12,1,45,0,0,0,9.1,92.2,8,1.1
2020,2,12,2,45,0,0,0,8.4,93.8,10,1.2
2020,2,12,3,45,0,0,0,7.8,95.3,15,1.1
2020,2,12,4,45,0,0,0,7.7,94.7,18,1.2
2020,2,12,5,45,0,0,0,7.6,94.0,16,1.3
2020,2,12,6,45,2,17,17,7.9,92.4,18,1.4
2020,2,12,7,45,186,110,160,9.2,90.3,20,1.3
2020,2,12,8,45,645,120,396,11.0,87.8,1,0.6
2020,2,12,9,45,798,130,585,14.4,75.1,247,0.4
2020,2,12,10,45,844,144,712,17.4,63.1,221,1.0
2020,2,12,11,45,857,153,772,18.0,61.3,220,1.5
2020,2,12,12,45,844,156,759,19.4,58.7,221,1.8
2020,2,12,13,45,797,155,674,20.6,57.3,223,2.0
2020,2,12,14,45,712,145,526,19.3,63.8,225,1.9
2020,2,12,15,45,488,131,320,17.9,70.2,222,1.9
2020,2,12,16,45,30,86,94,17.5,73.2,219,1.7
2020,2,12,17,45,4,5,5,18.0,72.4,225,1.3
2020,2,12,18,45,0,0,0,17.6,74.0,254,0.8
2020,2,12,19,45,0,0,0,14.8,85.7,321,0.6
2020,2,12,20,45,0,0,0,13.0,93.0,356,0.8
2020,2,12,21,45,0,0,0,12.5,94.3,3,1.0
2020,2,12,22,45,0,0,0,11.8,96.4,0,0.9
2020,2,12,23,45,0,0,0,11.5,96.4,3,1.0
2020,2,13,0,45,0,0,0,11.0,97.7,11,1.1
2020,2,13,1,45,0,0,0,10.8,99.0,15,1.2
2020,2,13,2,45,0,0,0,9.9,99.3,13,1.4
2020,2,13,3,45,0,0,0,9.0,100.0,13,1.6
2020,2,13,4,45,0,0,0,8.9,100.0,15,1.7
2020,2,13,5,45,0,0,0,8.9,99.0,20,1.6
2020,2,13,6,45,7,19,19,9.2,96.0,21,1.7
2020,2,13,7,45,194,110,164,10.7,91.7,20,1.5
2020,2,13,8,45,709,104,409,12.6,85.9,2,0.7
2020,2,13,9,45,868,103,601,16.4,74.4,264,0.5
2020,2,13,10,45,907,113,728,19.9,64.3,233,1.1
2020,2,13,11,45,912,124,787,20.2,62.5,228,1.5
2020,2,13,12,45,906,124,776,21.6,60.0,230,1.8
2020,2,13,13,45,869,123,692,22.8,58.0,232,2.0
2020,2,13,14,45,797,116,545,21.5,65.3,233,1.9
2020,2,13,15,45,656,99,349,20.1,72.5,231,1.7
2020,2,13,16,45,339,65,132,20.0,73.4,225,1.4
2020,2,13,17,45,12,5,6,19.7,75.5,219,0.8
2020,2,13,18,45,0,0,0,18.5,79.3,279,0.3
2020,2,13,19,45,0,0,0,16.4,87.5,354,0.7
2020,2,13,20,45,0,0,0,14.8,93.4,9,1.0
2020,2,13,21,45,0,0,0,14.0,95.2,9,1.0
2020,2,13,22,45,0,0,0,13.4,96.2,3,1.0
2020,2,13,23,45,0,0,0,13.6,94.3,0,1.0
2020,2,14,0,45,0,0,0,12.8,93.9,3,1.1
2020,2,14,1,45,0,0,0,11.9,93.9,7,1.2
2020,2,14,2,45,0,0,0,11.5,95.5,9,1.3
2020,2,14,3,45,0,0,0,11.1,97.1,14,1.2
2020,2,14,4,45,0,0,0,10.9,96.1,19,1.2
2020,2,14,5,45,0,0,0,10.5,94.8,19,1.2
2020,2,14,6,45,51,19,24,10.7,91.7,19,1.2
2020,2,14,7,45,454,79,197,12.3,88.2,20,1.2
2020,2,14,8,45,762,94,420,14.4,81.7,9,0.6
2020,2,14,9,45,815,122,593,17.3,68.0,246,0.5
2020,2,14,10,45,856,135,718,19.8,58.8,228,1.3
2020,2,14,11,45,891,132,783,20.6,58.6,229,1.9
2020,2,14,12,45,889,130,773,21.7,57.0,234,2.4
2020,2,14,13,45,870,121,694,22.4,55.5,237,2.5
2020,2,14,14,45,864,93,561,21.1,62.6,241,2.5
2020,2,14,15,45,739,82,365,19.8,70.4,243,2.5
2020,2,14,16,45,450,55,146,19.6,74.8,238,2.2
2020,2,14,17,45,22,6,7,19.0,79.7,236,1.7
2020,2,14,18,45,0,0,0,18.2,83.7,246,1.2
2020,2,14,19,45,0,0,0,16.4,90.9,272,0.7
2020,2,14,20,45,0,0,0,15.3,95.6,321,0.6
2020,2,14,21,45,0,0,0,14.4,96.8,353,0.9
2020,2,14,22,45,0,0,0,13.3,99.0,357,1.1
2020,2,14,23,45,0,0,0,13.4,99.4,353,1.2
2020,2,15,0,45,0,0,0,12.6,99.3,349,1.3
2020,2,15,1,45,0,0,0,11.8,99.0,350,1.5
2020,2,15,2,45,0,0,0,11.4,99.0,356,1.5
2020,2,15,3,45,0,0,0,11.0,99.3,4,1.4
2020,2,15,4,45,0,0,0,10.8,99.3,11,1.3
2020,2,15,5,45,0,0,0,10.6,99.0,18,1.3
2020,2,15,6,45,25,21,24,11.0,96.4,23,1.3
2020,2,15,7,45,289,104,182,12.3,90.9,38,0.9
2020,2,15,8,45,697,112,413,13.4,84.3,105,0.6
2020,2,15,9,45,777,137,589,16.2,74.6,165,1.0
2020,2,15,10,45,811,156,711,18.9,66.0,180,1.5
2020,2,15,11,45,683,231,732,18.9,64.0,188,1.7
2020,2,15,12,45,182,423,555,19.7,64.4,197,1.9
2020,2,15,13,45,138,394,488,20.4,64.2,205,1.9
2020,2,15,14,45,1,310,311,19.4,67.0,209,1.9
2020,2,15,15,45,0,179,179,18.3,71.2,210,2.0
2020,2,15,16,45,0,76,76,18.0,73.1,208,1.7
2020,2,15,17,45,9,6,7,17.5,77.4,198,1.3
2020,2,15,18,45,0,0,0,16.7,84.7,179,0.9
2020,2,15,19,45,0,0,0,14.9,92.0,152,0.5
2020,2,15,20,45,0,0,0,14.2,95.2,102,0.2
2020,2,15,21,45,0,0,0,14.5,95.0,21,0.3
2020,2,15,22,45,0,0,0,14.4,95.9,15,0.6
2020,2,15,23,45,0,0,0,14.4,96.2,14,0.6
2020,2,16,0,45,0,0,0,13.9,96.8,9,0.6
2020,2,16,1,45,0,0,0,13.7,96.5,5,0.6
2020,2,16,2,45,0,0,0,13.1,95.8,8,0.7
2020,2,16,3,45,0,0,0,12.5,95.8,16,0.7
2020,2,16,4,45,0,0,0,12.8,95.5,15,0.8
2020,2,16,5,45,0,0,0,12.8,95.8,17,0.8
2020,2,16,6,45,3,18,18,13.1,96.5,31,0.9
2020,2,16,7,45,33,129,139,13.6,95.2,56,0.7
2020,2,16,8,45,340,199,351,13.4,92.8,124,0.5
2020,2,16,9,45,635,187,562,15.6,83.8,170,0.9
2020,2,16,10,45,511,281,630,18.6,73.2,189,1.2
2020,2,16,11,45,204,428,578,19.2,69.6,206,1.5
2020,2,16,12,45,77,465,521,20.5,64.4,216,1.7
2020,2,16,13,45,2,398,399,21.7,60.4,217,1.9
2020,2,16,14,45,0,265,265,20.3,67.0,220,2.0
2020,2,16,15,45,0,185,185,18.8,75.1,221,1.8
2020,2,16,16,45,0,82,82,18.7,76.1,217,1.6
2020,2,16,17,45,5,7,7,18.9,76.4,222,1.2
2020,2,16,18,45,0,0,0,18.7,80.4,231,0.7
2020,2,16,19,45,0,0,0,16.7,90.1,263,0.2
2020,2,16,20,45,0,0,0,15.2,96.2,335,0.1
2020,2,16,21,45,0,0,0,14.8,96.5,0,0.2
2020,2,16,22,45,0,0,0,14.4,96.8,354,0.5
2020,2,16,23,45,0,0,0,14.6,95.9,354,0.5
2020,2,17,0,45,0,0,0,14.6,95.9,0,0.6
2020,2,17,1,45,0,0,0,14.5,96.5,0,0.7
2020,2,17,2,45,0,0,0,13.8,95.9,348,0.7
2020,2,17,3,45,0,0,0,13.0,95.8,342,0.8
2020,2,17,4,45,0,0,0,12.8,96.5,357,1.0
2020,2,17,5,45,0,0,0,13.0,95.8,7,1.2
2020,2,17,6,45,8,20,20,13.1,95.2,13,1.3
2020,2,17,7,45,90,127,155,14.6,91.3,15,1.1
2020,2,17,8,45,532,152,392,16.4,86.8,334,0.6
2020,2,17,9,45,853,110,614,17.7,80.3,247,0.8
2020,2,17,10,45,821,154,720,19.2,72.6,231,1.4
2020,2,17,11,45,436,339,662,19.6,70.3,230,1.8
2020,2,17,12,45,141,442,546,20.5,65.5,235,2.1
2020,2,17,13,45,90,413,474,21.4,61.3,238,2.4
2020,2,17,14,45,11,341,347,20.2,66.1,241,2.4
2020,2,17,15,45,0,216,216,18.8,71.3,239,2.0
2020,2,17,16,45,3,90,90,18.9,72.7,233,1.6
2020,2,17,17,45,18,7,9,19.0,74.2,237,1.3
2020,2,17,18,45,0,0,0,18.4,76.8,263,1.0
2020,2,17,19,45,0,0,0,15.9,85.8,310,0.9
2020,2,17,20,45,0,0,0,13.8,93.7,336,1.1
2020,2,17,21,45,0,0,0,12.8,94.6,350,1.2
2020,2,17,22,45,0,0,0,12.2,95.5,355,1.2
2020,2,17,23,45,0,0,0,12.4,94.9,358,1.2
2020,2,18,0,45,0,0,0,11.9,94.8,3,1.2
2020,2,18,1,45,0,0,0,11.4,96.4,7,1.2
2020,2,18,2,45,0,0,0,10.8,98.4,8,1.4
2020,2,18,3,45,0,0,0,10.4,99.0,11,1.6
2020,2,18,4,45,0,0,0,10.5,97.7,14,1.9
2020,2,18,5,45,0,0,0,10.5,96.4,16,2.0
2020,2,18,6,45,14,24,25,11.1,94.2,18,2.0
2020,2,18,7,45,229,117,183,12.3,89.1,18,1.6
2020,2,18,8,45,736,105,434,13.7,80.8,23,0.7
2020,2,18,9,45,917,90,635,16.8,68.3,168,0.5
2020,2,18,10,45,960,95,765,19.4,60.3,189,1.2
2020,2,18,11,45,931,123,818,19.6,60.5,196,1.6
2020,2,18,12,45,663,238,730,20.0,60.8,204,1.9
2020,2,18,13,45,387,320,582,21.2,59.7,210,2.0
2020,2,18,14,45,204,308,422,20.7,63.6,216,2.0
2020,2,18,15,45,225,202,293,19.5,68.9,220,1.9
2020,2,18,16,45,8,95,97,19.3,71.2,212,1.6
2020,2,18,17,45,22,8,9,19.5,72.4,193,1.2
2020,2,18,18,45,0,0,0,18.1,78.3,163,0.8
2020,2,18,19,45,0,0,0,15.8,89.7,108,0.5
2020,2,18,20,45,0,0,0,15.5,93.8,68,0.5
2020,2,18,21,45,0,0,0,15.2,94.4,63,0.6
2020,2,18,22,45,0,0,0,14.6,95.6,59,0.6
2020,2,18,23,45,0,0,0,14.3,94.6,42,0.7
2020,2,19,0,45,0,0,0,13.4,95.2,30,0.8
2020,2,19,1,45,0,0,0,12.8,96.5,28,0.9
2020,2,19,2,45,0,0,0,12.8,96.8,30,0.7
2020,2,19,3,45,0,0,0,12.5,96.1,25,0.6
2020,2,19,4,45,0,0,0,13.0,94.6,17,0.7
2020,2,19,5,45,0,0,0,13.6,92.8,25,0.7
2020,2,19,6,45,0,22,22,14.3,90.1,42,0.8
2020,2,19,7,45,53,138,154,15.7,83.2,73,0.9
2020,2,19,8,45,238,230,336,16.7,76.5,120,1.1
2020,2,19,9,45,140,349,433,18.0,70.1,143,1.6
2020,2,19,10,45,74,438,490,19.5,64.0,148,2.1
2020,2,19,11,45,27,493,513,19.6,62.3,151,2.2
2020,2,19,12,45,30,459,482,20.3,58.6,156,1.9
2020,2,19,13,45,0,401,401,21.2,54.3,165,1.5
2020,2,19,14,45,0,253,253,20.0,60.6,172,1.5
2020,2,19,15,45,0,159,159,18.8,68.4,178,1.2
2020,2,19,16,45,0,74,74,19.0,69.1,183,0.9
2020,2,19,17,45,0,6,6,19.5,68.1,177,0.9
2020,2,19,18,45,0,0,0,18.9,70.2,137,0.6
2020,2,19,19,45,0,0,0,16.7,79.1,65,0.6
2020,2,19,20,45,0,0,0,14.9,85.0,39,0.7
2020,2,19,21,45,0,0,0,14.0,87.8,32,0.8
2020,2,19,22,45,0,0,0,13.4,90.3,28,0.9
2020,2,19,23,45,0,0,0,13.4,90.9,25,0.9
2020,2,20,0,45,0,0,0,12.5,93.6,23,1.0
2020,2,20,1,45,0,0,0,11.6,96.4,23,1.1
2020,2,20,2,45,0,0,0,11.4,97.4,24,1.1
2020,2,20,3,45,0,0,0,11.3,98.0,23,1.0
2020,2,20,4,45,0,0,0,11.7,95.5,23,1.1
2020,2,20,5,45,0,0,0,12.3,92.4,25,1.3
2020,2,20,6,45,0,19,19,12.3,92.4,26,1.5
2020,2,20,7,45,76,131,155,12.9,90.6,31,1.3
2020,2,20,8,45,146,249,318,14.1,85.2,94,0.6
2020,2,20,9,45,498,244,546,17.2,72.0,167,1.1
2020,2,20,10,45,615,252,686,20.5,59.4,173,1.6
2020,2,20,11,45,774,200,784,20.9,56.4,173,1.9
2020,2,20,12,45,597,275,720,21.4,53.5,167,1.8
2020,2,20,13,45,753,182,696,22.0,51.2,163,1.7
2020,2,20,14,45,572,199,523,20.7,58.7,156,1.8
2020,2,20,15,45,410,157,326,19.2,67.5,132,1.4
2020,2,20,16,45,15,92,95,19.0,71.6,97,1.2
2020,2,20,17,45,0,8,8,19.2,72.1,75,1.3
2020,2,20,18,45,0,0,0,18.7,73.2,56,1.3
2020,2,20,19,45,0,0,0,16.8,79.1,41,1.4
2020,2,20,20,45,0,0,0,15.5,82.3,36,1.5
2020,2,20,21,45,0,0,0,14.3,86.1,31,1.5
2020,2,20,22,45,0,0,0,13.6,88.6,29,1.4
2020,2,20,23,45,0,0,0,14.2,85.5,32,1.4
2020,2,21,0,45,0,0,0,14.6,83.3,36,1.3
2020,2,21,1,45,0,0,0,14.6,84.4,36,1.1
2020,2,21,2,45,0,0,0,14.0,84.3,32,0.8
2020,2,21,3,45,0,0,0,13.5,82.9,48,0.6
2020,2,21,4,45,0,0,0,13.2,84.3,53,1.1
2020,2,21,5,45,0,0,0,12.8,87.4,55,1.7
2020,2,21,6,45,0,3,3,12.6,90.6,60,1.9
2020,2,21,7,45,0,11,11,12.3,93.3,57,2.1
2020,2,21,8,45,0,26,26,12.0,94.9,54,2.2
2020,2,21,9,45,0,197,197,12.7,92.1,50,2.5
2020,2,21,10,45,0,122,122,14.3,83.6,44,2.7
2020,2,21,11,45,0,236,236,15.3,76.0,41,2.8
2020,2,21,12,45,0,105,105,15.8,71.7,41,2.8
2020,2,21,13,45,0,59,59,16.2,70.8,40,2.6
2020,2,21,14,45,0,49,49,15.4,75.6,39,2.2
2020,2,21,15,45,2,143,144,14.5,81.7,35,1.9
2020,2,21,16,45,0,78,78,14.6,83.0,26,1.6
2020,2,21,17,45,0,6,6,14.8,81.2,18,1.4
2020,2,21,18,45,0,0,0,14.9,79.8,17,1.4
2020,2,21,19,45,0,0,0,14.1,81.3,19,1.4
2020,2,21,20,45,0,0,0,13.0,83.1,22,1.5
2020,2,21,21,45,0,0,0,12.5,84.2,23,1.5
2020,2,21,22,45,0,0,0,12.4,84.2,25,1.5
2020,2,21,23,45,0,0,0,12.3,83.3,26,1.6
2020,2,22,0,45,0,0,0,11.6,85.2,24,1.6
2020,2,22,1,45,0,0,0,11.0,87.8,21,1.5
2020,2,22,2,45,0,0,0,10.6,89.8,17,1.5
2020,2,22,3,45,0,0,0,10.0,91.9,17,1.5
2020,2,22,4,45,0,0,0,10.2,92.9,21,1.6
2020,2,22,5,45,0,0,0,10.6,92.9,23,1.6
2020,2,22,6,45,0,8,8,11.1,92.6,24,1.7
2020,2,22,7,45,0,46,46,13.1,87.7,21,1.7
2020,2,22,8,45,0,201,201,15.0,80.1,17,1.2
2020,2,22,9,45,87,337,392,16.4,69.6,67,0.4
2020,2,22,10,45,210,381,529,17.8,62.1,169,1.0
2020,2,22,11,45,2,438,439,18.0,62.6,172,1.8
2020,2,22,12,45,0,354,354,18.5,62.7,181,2.1
2020,2,22,13,45,0,419,419,18.8,63.6,185,1.6
2020,2,22,14,45,28,347,361,17.3,70.4,189,0.8
2020,2,22,15,45,139,218,273,16.4,76.0,72,0.3
2020,2,22,16,45,54,99,114,16.8,74.3,22,0.5
2020,2,22,17,45,0,9,9,16.5,74.8,1,0.7
2020,2,22,18,45,0,0,0,15.6,78.9,2,1.1
2020,2,22,19,45,0,0,0,14.4,84.7,8,1.1
2020,2,22,20,45,0,0,0,13.6,88.9,10,0.9
2020,2,22,21,45,0,0,0,12.8,89.7,14,0.8
2020,2,22,22,45,0,0,0,12.0,90.2,14,0.8
2020,2,22,23,45,0,0,0,12.0,90.5,13,0.9
2020,2,23,0,45,0,0,0,11.8,91.1,16,0.9
2020,2,23,1,45,0,0,0,11.5,90.8,20,1.0
2020,2,23,2,45,0,0,0,11.1,91.7,20,1.0
2020,2,23,3,45,0,0,0,10.6,93.2,18,0.9
2020,2,23,4,45,0,0,0,10.7,92.6,18,1.0
2020,2,23,5,45,0,0,0,11.0,91.7,18,1.0
2020,2,23,6,45,0,17,17,11.2,91.1,19,1.1
2020,2,23,7,45,0,109,109,14.1,83.4,23,1.3
2020,2,23,8,45,97,254,302,16.8,72.2,21,1.2
2020,2,23,9,45,296,310,492,18.0,63.9,18,0.8
2020,2,23,10,45,442,322,639,19.8,56.9,105,0.4
2020,2,23,11,45,318,405,649,19.5,59.8,176,1.2
2020,2,23,12,45,93,471,542,19.0,63.7,189,1.7
2020,2,23,13,45,0,361,361,20.0,60.2,174,0.7
2020,2,23,14,45,5,286,289,19.0,61.4,62,0.5
2020,2,23,15,45,0,79,79,18.0,61.6,62,0.9
2020,2,23,16,45,0,65,65,18.6,58.7,21,1.1
2020,2,23,17,45,0,8,8,18.8,58.3,2,1.2
2020,2,23,18,45,0,0,0,17.8,61.7,10,1.2
2020,2,23,19,45,0,0,0,15.5,72.8,11,1.0
2020,2,23,20,45,0,0,0,13.9,81.0,14,1.0
2020,2,23,21,45,0,0,0,13.1,82.6,17,1.2
2020,2,23,22,45,0,0,0,12.0,85.5,18,1.3
2020,2,23,23,45,0,0,0,11.9,86.7,21,1.3
2020,2,24,0,45,0,0,0,11.6,87.2,23,1.3
2020,2,24,1,45,0,0,0,11.1,88.7,22,1.3
2020,2,24,2,45,0,0,0,10.6,89.5,22,1.2
2020,2,24,3,45,0,0,0,10.4,89.2,22,1.1
2020,2,24,4,45,0,0,0,10.5,88.0,19,1.2
2020,2,24,5,45,0,0,0,10.6,86.6,20,1.4
2020,2,24,6,45,0,22,22,11.4,83.8,21,1.8
2020,2,24,7,45,40,138,152,13.0,80.1,16,1.8
2020,2,24,8,45,381,196,378,14.4,71.3,7,1.1
2020,2,24,9,45,551,230,571,17.3,58.3,296,0.3
2020,2,24,10,45,651,241,712,20.0,51.0,201,0.9
2020,2,24,11,45,699,237,776,20.4,50.1,188,1.6
2020,2,24,12,45,400,361,667,20.6,49.5,182,1.7
2020,2,24,13,45,62,411,456,21.4,46.1,170,1.3
2020,2,24,14,45,16,330,339,20.5,48.7,153,0.9
2020,2,24,15,45,26,241,252,19.2,54.1,178,1.0
2020,2,24,16,45,200,95,138,19.3,55.8,211,1.3
2020,2,24,17,45,20,10,12,19.7,55.5,253,1.0
2020,2,24,18,45,0,0,0,19.2,57.3,334,0.8
2020,2,24,19,45,0,0,0,16.6,68.8,17,1.0
2020,2,24,20,45,0,0,0,14.5,78.7,24,1.0
2020,2,24,21,45,0,0,0,13.4,82.6,25,0.8
2020,2,24,22,45,0,0,0,12.5,84.2,23,0.8
2020,2,24,23,45,0,0,0,12.5,84.7,21,0.9
2020,2,25,0,45,0,0,0,11.6,88.1,20,1.2
2020,2,25,1,45,0,0,0,11.2,89.0,19,1.5
2020,2,25,2,45,0,0,0,11.0,90.5,16,1.7
2020,2,25,3,45,0,0,0,10.9,92.0,17,1.6
2020,2,25,4,45,0,0,0,11.2,90.8,22,1.5
2020,2,25,5,45,0,0,0,11.2,89.9,27,1.3
2020,2,25,6,45,0,7,7,11.6,88.1,31,1.3
2020,2,25,7,45,0,26,26,12.8,84.5,30,1.0
2020,2,25,8,45,0,55,55,13.5,79.7,357,0.3
2020,2,25,9,45,0,90,90,14.5,72.7,227,0.7
2020,2,25,10,45,0,144,144,16.2,66.9,228,1.4
2020,2,25,11,45,0,199,199,17.0,63.0,225,2.0
2020,2,25,12,45,0,128,128,17.2,64.3,231,1.9
2020,2,25,13,45,0,111,111,16.4,71.1,256,1.3
2020,2,25,14,45,0,106,106,15.5,73.1,280,1.2
2020,2,25,15,45,0,95,95,15.3,71.8,241,0.8
2020,2,25,16,45,0,62,62,15.1,72.8,166,0.8
2020,2,25,17,45,0,10,10,14.9,74.5,88,0.4
2020,2,25,18,45,0,0,0,14.4,76.1,8,0.9
2020,2,25,19,45,0,0,0,13.4,79.9,14,1.0
2020,2,25,20,45,0,0,0,12.8,83.1,7,0.9
2020,2,25,21,45,0,0,0,11.9,85.3,6,0.9
2020,2,25,22,45,0,0,0,11.3,87.2,13,0.9
2020,2,25,23,45,0,0,0,11.5,87.5,21,1.0
2020,2,26,0,45,0,0,0,11.2,89.0,18,0.9
2020,2,26,1,45,0,0,0,10.6,89.8,13,0.9
2020,2,26,2,45,0,0,0,9.8,91.9,13,1.1
2020,2,26,3,45,0,0,0,9.3,93.8,15,1.1
2020,2,26,4,45,0,0,0,9.3,92.5,15,1.2
2020,2,26,5,45,0,0,0,9.4,92.2,14,1.3
2020,2,26,6,45,0,14,14,10.2,90.7,16,1.3
2020,2,26,7,45,134,119,166,12.2,84.2,15,0.9
2020,2,26,8,45,564,160,427,13.4,78.6,296,0.3
2020,2,26,9,45,304,322,508,15.0,69.6,208,0.9
2020,2,26,10,45,46,459,492,17.0,63.0,211,1.3
2020,2,26,11,45,0,329,329,17.1,64.9,216,1.6
2020,2,26,12,45,0,322,322,17.9,64.0,224,1.8
2020,2,26,13,45,0,241,241,18.6,62.9,227,1.9
2020,2,26,14,45,0,146,146,17.6,67.0,220,2.0
2020,2,26,15,45,0,82,82,16.6,72.6,213,2.0
2020,2,26,16,45,0,80,80,16.2,75.4,212,1.7
2020,2,26,17,45,4,13,13,15.8,76.9,189,1.2
2020,2,26,18,45,0,0,0,15.4,79.9,150,0.9
2020,2,26,19,45,0,0,0,14.9,83.9,118,0.9
2020,2,26,20,45,0,0,0,14.8,85.8,76,0.7
2020,2,26,21,45,0,0,0,14.4,87.2,34,0.7
2020,2,26,22,45,0,0,0,14.3,88.1,22,0.8
2020,2,26,23,45,0,0,0,14.6,87.2,22,0.9
2020,2,27,0,45,0,0,0,14.2,88.3,31,1.1
2020,2,27,1,45,0,0,0,14.1,87.2,39,1.0
2020,2,27,2,45,0,0,0,13.5,86.6,36,0.7
2020,2,27,3,45,0,0,0,12.2,89.4,30,0.7
2020,2,27,4,45,0,0,0,11.9,92.1,25,0.8
2020,2,27,5,45,0,0,0,12.0,93.6,23,1.0
2020,2,27,6,45,1,34,35,12.5,92.1,27,1.2
2020,2,27,7,45,237,132,207,12.8,90.0,33,1.0
2020,2,27,8,45,310,234,380,12.6,89.1,86,0.4
2020,2,27,9,45,14,398,406,14.8,79.5,205,0.7
2020,2,27,10,45,158,413,532,17.6,68.8,223,1.4
2020,2,27,11,45,92,489,561,18.2,67.8,226,1.8
2020,2,27,12,45,0,359,359,18.5,67.6,222,2.2
2020,2,27,13,45,0,254,254,18.6,67.9,220,2.3
2020,2,27,14,45,0,153,153,18.0,73.1,217,2.0
2020,2,27,15,45,0,120,120,17.5,78.1,213,1.7
2020,2,27,16,45,0,59,59,17.0,80.1,209,1.4
2020,2,27,17,45,0,11,11,16.6,83.3,196,1.0
2020,2,27,18,45,0,0,0,15.9,87.1,175,0.7
2020,2,27,19,45,0,0,0,15.2,90.8,153,0.4
2020,2,27,20,45,0,0,0,14.9,92.8,114,0.2
2020,2,27,21,45,0,0,0,14.3,93.4,45,0.4
2020,2,27,22,45,0,0,0,14.0,93.1,40,0.7
2020,2,27,23,45,0,0,0,14.2,91.6,33,0.8
2020,2,28,0,45,0,0,0,13.8,91.9,30,0.8
2020,2,28,1,45,0,0,0,13.7,91.9,27,0.9
2020,2,28,2,45,0,0,0,13.1,93.0,24,1.0
2020,2,28,3,45,0,0,0,12.3,95.2,19,1.1
2020,2,28,4,45,0,0,0,12.5,94.2,15,1.1
2020,2,28,5,45,0,0,0,12.8,92.1,16,1.1
2020,2,28,6,45,0,33,33,13.4,89.7,22,1.1
2020,2,28,7,45,287,118,211,13.8,86.9,32,0.7
2020,2,28,8,45,564,160,433,13.6,84.0,158,0.3
2020,2,28,9,45,402,291,542,15.7,75.0,197,0.8
2020,2,28,10,45,56,464,504,18.5,66.5,196,1.3
2020,2,28,11,45,0,445,445,19.0,65.5,199,1.7
2020,2,28,12,45,0,388,388,19.3,65.6,202,2.0
2020,2,28,13,45,0,331,331,19.6,65.9,201,2.1
2020,2,28,14,45,0,220,220,18.9,70.2,199,2.0
2020,2,28,15,45,0,197,197,18.3,73.8,200,1.6
2020,2,28,16,45,0,99,99,18.4,74.6,217,1.1
2020,2,28,17,45,6,14,14,18.7,74.4,236,0.9
2020,2,28,18,45,0,0,0,18.8,74.2,256,0.8
2020,2,28,19,45,0,0,0,16.7,82.1,331,0.6
2020,2,28,20,45,0,0,0,14.6,90.1,14,0.8
2020,2,28,21,45,0,0,0,14.0,91.0,20,0.7
2020,2,28,22,45,0,0,0,13.6,91.3,17,0.7
2020,2,28,23,45,0,0,0,13.4,91.8,18,0.8
2020,3,1,0,45,0,0,0,13.1,90.0,27,1.9
2020,3,1,1,45,0,0,0,12.0,91.5,33,2.3
2020,3,1,2,45,0,0,0,12.5,92.7,28,2.1
2020,3,1,3,45,0,0,0,13.1,93.0,23,2.0
2020,3,1,4,45,0,0,0,13.2,91.5,18,1.9
2020,3,1,5,45,0,0,0,13.2,90.0,14,1.8
2020,3,1,6,45,0,10,10,13.5,89.2,15,1.8
2020,3,1,7,45,0,43,43,14.2,90.1,15,1.6
2020,3,1,8,45,0,186,186,15.0,84.8,4,0.8
2020,3,1,9,45,29,363,383,18.0,66.9,250,0.3
2020,3,1,10,45,0,422,422,20.6,56.3,195,0.8
2020,3,1,11,45,76,492,553,20.2,57.3,183,1.1
2020,3,1,12,45,166,447,575,20.6,57.8,182,1.2
2020,3,1,13,45,123,379,471,21.8,54.6,194,1.3
2020,3,1,14,45,0,212,212,20.6,58.7,210,1.0
2020,3,1,15,45,0,138,138,19.5,63.8,260,0.8
2020,3,1,16,45,2,111,112,19.7,63.4,295,0.9
2020,3,1,17,45,9,15,16,19.3,66.3,297,1.0
2020,3,1,18,45,0,0,0,18.3,69.2,324,1.0
2020,3,1,19,45,0,0,0,16.2,74.5,0,1.0
2020,3,1,20,45,0,0,0,14.8,79.3,11,1.0
2020,3,1,21,45,0,0,0,14.0,83.5,17,1.0
2020,3,1,22,45,0,0,0,12.8,88.2,19,1.1
2020,3,1,23,45,0,0,0,12.3,89.7,23,1.0
2020,3,2,0,45,0,0,0,11.8,91.1,23,1.0
2020,3,2,1,45,0,0,0,11.3,91.1,22,1.1
2020,3,2,2,45,0,0,0,11.4,90.8,21,1.0
2020,3,2,3,45,0,0,0,11.5,91.4,24,0.9
2020,3,2,4,45,0,0,0,11.6,90.8,25,0.9
2020,3,2,5,45,0,0,0,11.6,90.5,25,1.1
2020,3,2,6,45,11,42,43,12.6,87.9,25,1.2
2020,3,2,7,45,387,115,243,14.4,81.1,17,1.0
2020,3,2,8,45,790,102,493,15.1,73.1,313,0.5
2020,3,2,9,45,872,115,679,17.4,61.0,232,1.0
2020,3,2,10,45,908,125,807,20.4,51.8,230,1.6
2020,3,2,11,45,879,149,852,21.2,49.9,235,1.9
2020,3,2,12,45,599,279,753,21.4,49.3,236,2.1
2020,3,2,13,45,316,363,593,22.0,47.9,234,2.0
2020,3,2,14,45,71,360,405,20.8,55.5,234,1.6
2020,3,2,15,45,152,240,301,19.3,66.3,250,1.1
2020,3,2,16,45,325,96,173,19.5,66.7,278,1.1
2020,3,2,17,45,69,14,21,19.8,65.9,303,1.2
2020,3,2,18,45,0,0,0,19.4,68.0,326,1.4
2020,3,2,19,45,0,0,0,16.9,75.4,342,1.5
2020,3,2,20,45,0,0,0,15.0,80.4,358,1.4
2020,3,2,21,45,0,0,0,14.4,81.9,8,1.2
2020,3,2,22,45,0,0,0,13.4,85.7,11,1.1
2020,3,2,23,45,0,0,0,13.0,89.1,12,1.2
2020,3,3,0,45,0,0,0,12.2,92.1,14,1.2
2020,3,3,1,45,0,0,0,11.5,93.0,14,1.2
2020,3,3,2,45,0,0,0,11.2,94.5,15,1.1
2020,3,3,3,45,0,0,0,11.2,96.1,15,1.1
2020,3,3,4,45,0,0,0,11.3,94.8,16,1.3
2020,3,3,5,45,0,0,0,11.5,93.0,21,1.3
2020,3,3,6,45,34,45,50,12.8,89.1,23,1.3
2020,3,3,7,45,528,95,266,14.5,83.3,22,1.1
2020,3,3,8,45,777,110,498,15.5,75.4,340,0.4
2020,3,3,9,45,862,124,685,18.2,63.0,230,0.9
2020,3,3,10,45,908,130,815,20.9,53.9,230,1.7
2020,3,3,11,45,905,141,868,21.3,52.2,233,2.3
2020,3,3,12,45,905,138,856,22.0,49.9,237,2.4
2020,3,3,13,45,838,152,761,22.8,47.9,242,2.0
2020,3,3,14,45,779,142,613,21.6,51.9,247,1.7
2020,3,3,15,45,749,99,429,20.5,56.3,250,1.5
2020,3,3,16,45,535,68,201,20.4,58.7,244,1.3
2020,3,3,17,45,81,14,22,20.8,58.4,250,1.0
2020,3,3,18,45,0,0,0,20.8,58.2,290,0.8
2020,3,3,19,45,0,0,0,18.2,67.1,336,0.9
2020,3,3,20,45,0,0,0,16.4,73.7,360,1.0
2020,3,3,21,45,0,0,0,15.8,74.1,12,1.0
2020,3,3,22,45,0,0,0,14.5,77.7,13,0.9
2020,3,3,23,45,0,0,0,13.8,81.6,14,0.8
2020,3,4,0,45,0,0,0,12.8,87.4,16,0.9
2020,3,4,1,45,0,0,0,12.0,91.1,19,0.9
2020,3,4,2,45,0,0,0,11.5,92.3,21,0.7
2020,3,4,3,45,0,0,0,11.0,92.9,19,0.6
2020,3,4,4,45,0,0,0,11.5,89.9,17,0.8
2020,3,4,5,45,0,0,0,11.8,87.5,21,1.0
2020,3,4,6,45,43,46,53,13.1,83.4,24,1.1
2020,3,4,7,45,552,94,273,15.1,76.8,28,1.0
2020,3,4,8,45,771,115,503,15.4,72.6,88,0.4
2020,3,4,9,45,849,133,690,18.0,60.8,175,0.9
2020,3,4,10,45,896,141,821,21.0,49.8,187,1.6
2020,3,4,11,45,838,180,857,21.5,47.6,188,2.1
2020,3,4,12,45,602,291,771,22.2,45.4,187,2.0
2020,3,4,13,45,675,229,724,22.8,42.4,178,1.7
2020,3,4,14,45,492,248,547,22.1,45.5,163,0.9
2020,3,4,15,45,674,123,419,21.0,50.9,151,0.5
2020,3,4,16,45,520,71,202,20.5,53.7,179,0.7
2020,3,4,17,45,78,15,23,20.2,57.4,215,0.9
2020,3,4,18,45,0,0,0,19.6,59.9,196,0.4
2020,3,4,19,45,0,0,0,17.5,65.7,53,0.5
2020,3,4,20,45,0,0,0,15.6,71.4,31,0.9
2020,3,4,21,45,0,0,0,14.3,74.9,27,0.9
2020,3,4,22,45,0,0,0,13.4,79.4,25,0.9
2020,3,4,23,45,0,0,0,13.3,81.2,24,1.0
2020,3,5,0,45,0,0,0,12.8,82.8,22,1.1
2020,3,5,1,45,0,0,0,12.2,84.4,22,1.2
2020,3,5,2,45,0,0,0,12.4,85.6,22,1.3
2020,3,5,3,45,0,0,0,12.5,87.0,21,1.6
2020,3,5,4,45,0,0,0,12.5,87.6,23,1.6
2020,3,5,5,45,0,0,0,12.4,87.9,26,1.6
2020,3,5,6,45,0,24,24,12.9,85.4,27,1.5
2020,3,5,7,45,0,61,61,14.8,78.3,29,1.1
2020,3,5,8,45,0,65,65,15.6,72.6,70,0.3
2020,3,5,9,45,0,162,162,16.7,64.5,141,0.5
2020,3,5,10,45,0,108,108,17.9,60.3,111,1.1
2020,3,5,11,45,0,68,68,17.3,65.4,108,1.5
2020,3,5,12,45,0,99,99,17.4,69.0,101,1.6
2020,3,5,13,45,0,141,141,17.8,70.2,87,1.8
2020,3,5,14,45,0,243,243,17.8,68.2,77,1.1
2020,3,5,15,45,2,248,249,18.0,64.3,35,0.4
2020,3,5,16,45,33,132,139,18.4,66.5,353,0.5
2020,3,5,17,45,35,17,20,18.5,68.7,18,0.7
2020,3,5,18,45,0,0,0,17.8,70.2,35,1.2
2020,3,5,19,45,0,0,0,16.0,76.9,38,1.4
2020,3,5,20,45,0,0,0,14.7,82.0,39,1.4
2020,3,5,21,45,0,0,0,13.6,83.5,34,1.3
2020,3,5,22,45,0,0,0,12.8,83.4,28,1.4
2020,3,5,23,45,0,0,0,12.6,82.5,27,1.7
2020,3,6,0,45,0,0,0,12.4,81.4,29,1.9
2020,3,6,1,45,0,0,0,12.2,80.5,28,1.8
2020,3,6,2,45,0,0,0,11.6,84.4,27,1.9
2020,3,6,3,45,0,0,0,11.2,86.6,28,2.1
2020,3,6,4,45,0,0,0,11.3,85.5,29,2.4
2020,3,6,5,45,0,0,0,11.4,85.2,28,2.2
2020,3,6,6,45,0,12,12,12.1,83.0,22,1.8
2020,3,6,7,45,0,26,26,13.1,81.2,20,1.6
2020,3,6,8,45,0,45,45,13.6,80.5,19,1.2
2020,3,6,9,45,0,47,47,14.2,77.4,350,0.7
2020,3,6,10,45,0,50,50,14.6,73.4,288,0.4
2020,3,6,11,45,0,62,62,14.6,72.0,93,0.3
2020,3,6,12,45,0,63,63,14.7,74.7,57,1.3
2020,3,6,13,45,0,102,102,14.6,77.2,50,2.2
2020,3,6,14,45,0,183,183,13.6,82.4,39,2.5
2020,3,6,15,45,0,132,132,13.0,86.2,31,2.8
2020,3,6,16,45,0,50,50,13.4,83.2,30,3.0
2020,3,6,17,45,0,12,12,13.4,82.1,27,2.8
2020,3,6,18,45,0,0,0,12.8,83.9,23,2.4
2020,3,6,19,45,0,0,0,12.0,87.6,25,2.3
2020,3,6,20,45,0,0,0,11.4,90.5,27,2.2
2020,3,6,21,45,0,0,0,11.0,91.7,22,1.7
2020,3,6,22,45,0,0,0,10.8,90.8,22,1.3
2020,3,6,23,45,0,0,0,10.8,89.5,32,1.7
2020,3,7,0,45,0,0,0,10.8,89.2,35,2.2
2020,3,7,1,45,0,0,0,10.6,90.4,33,2.3
2020,3,7,2,45,0,0,0,10.2,92.3,28,2.4
2020,3,7,3,45,0,0,0,10.0,92.9,28,2.4
2020,3,7,4,45,0,0,0,10.0,92.6,30,2.3
2020,3,7,5,45,0,0,0,9.8,92.6,29,2.3
2020,3,7,6,45,0,24,24,10.2,91.6,28,2.3
2020,3,7,7,45,59,156,179,11.2,89.3,27,1.9
2020,3,7,8,45,148,279,351,12.4,82.8,46,1.0
2020,3,7,9,45,0,359,359,14.7,71.6,137,0.8
2020,3,7,10,45,38,470,500,16.6,64.4,163,1.4
2020,3,7,11,45,116,503,598,16.6,64.6,168,1.9
2020,3,7,12,45,265,423,635,17.2,63.3,164,2.4
2020,3,7,13,45,150,372,488,17.9,61.7,158,2.1
2020,3,7,14,45,0,161,161,16.5,69.1,114,1.3
2020,3,7,15,45,20,256,264,15.6,74.8,65,1.5
2020,3,7,16,45,0,107,107,16.0,72.0,52,1.3
2020,3,7,17,45,13,20,21,15.9,72.9,18,0.6
2020,3,7,18,45,0,0,0,15.4,75.3,325,0.4
2020,3,7,19,45,0,0,0,13.4,81.1,350,0.8
2020,3,7,20,45,0,0,0,11.7,87.8,10,1.1
2020,3,7,21,45,0,0,0,11.1,89.0,17,1.2
2020,3,7,22,45,0,0,0,10.0,91.6,18,1.3
2020,3,7,23,45,0,0,0,9.6,91.6,18,1.3
2020,3,8,0,45,0,0,0,9.6,91.0,17,1.4
2020,3,8,1,45,0,0,0,9.2,93.2,18,1.5
2020,3,8,2,45,0,0,0,8.8,94.1,18,1.6
2020,3,8,3,45,0,0,0,8.9,93.1,18,1.7
2020,3,8,4,45,0,0,0,9.3,92.2,18,1.9
2020,3,8,5,45,0,0,0,9.6,90.4,18,2.0
2020,3,8,6,45,123,50,71,11.3,85.2,16,2.0
2020,3,8,7,45,685,78,307,13.1,81.2,8,1.7
2020,3,8,8,45,859,91,538,13.8,72.4,334,1.0
2020,3,8,9,45,931,100,726,16.3,58.1,277,1.2
2020,3,8,10,45,969,104,856,19.3,50.1,252,1.8
2020,3,8,11,45,995,98,917,20.1,48.2,245,2.3
2020,3,8,12,45,992,97,902,20.9,46.2,245,2.6
2020,3,8,13,45,963,98,814,21.6,44.8,250,2.8
2020,3,8,14,45,915,92,660,20.6,49.5,254,2.8
2020,3,8,15,45,824,81,456,19.6,55.3,253,2.6
2020,3,8,16,45,615,62,221,19.5,59.1,248,2.2
2020,3,8,17,45,123,16,29,19.2,62.9,248,1.6
2020,3,8,18,45,0,0,0,18.7,66.4,272,1.4
2020,3,8,19,45,0,0,0,16.3,75.3,308,1.3
2020,3,8,20,45,0,0,0,14.2,82.7,336,1.4
2020,3,8,21,45,0,0,0,13.2,84.8,348,1.4
2020,3,8,22,45,0,0,0,12.2,87.3,353,1.3
2020,3,8,23,45,0,0,0,11.9,87.3,0,1.1
2020,3,9,0,45,0,0,0,11.3,88.4,5,1.1
2020,3,9,1,45,0,0,0,10.8,89.8,9,1.2
2020,3,9,2,45,0,0,0,10.0,91.3,13,1.3
2020,3,9,3,45,0,0,0,9.2,93.5,15,1.4
2020,3,9,4,45,0,0,0,9.2,93.1,17,1.4
2020,3,9,5,45,0,0,0,9.2,91.6,17,1.4
2020,3,9,6,45,272,42,86,10.5,87.5,17,1.4
2020,3,9,7,45,717,76,318,13.3,78.6,7,1.1
2020,3,9,8,45,903,79,553,15.2,66.2,309,0.7
2020,3,9,9,45,983,80,745,18.0,53.9,249,1.1
2020,3,9,10,45,1011,85,873,20.8,47.9,233,1.5
2020,3,9,11,45,1014,91,929,21.2,48.8,228,1.9
2020,3,9,12,45,1006,91,912,22.4,48.3,228,2.2
2020,3,9,13,45,977,92,822,23.5,47.0,231,2.2
2020,3,9,14,45,929,87,667,22.4,51.5,233,2.2
2020,3,9,15,45,833,80,461,21.2,55.9,233,2.0
2020,3,9,16,45,638,60,226,21.0,58.7,225,1.6
2020,3,9,17,45,141,16,31,21.2,60.7,213,1.5
2020,3,9,18,45,0,0,0,20.6,62.8,218,1.3
2020,3,9,19,45,0,0,0,18.8,71.0,225,0.7
2020,3,9,20,45,0,0,0,17.8,77.4,274,0.2
2020,3,9,21,45,0,0,0,16.6,81.4,359,0.3
2020,3,9,22,45,0,0,0,15.0,86.7,18,0.5
2020,3,9,23,45,0,0,0,14.1,89.5,21,0.7
2020,3,10,0,45,0,0,0,12.6,93.0,18,0.8
2020,3,10,1,45,0,0,0,12.0,95.2,10,0.9
2020,3,10,2,45,0,0,0,12.0,95.2,10,0.9
2020,3,10,3,45,0,0,0,12.3,94.9,18,1.1
2020,3,10,4,45,0,0,0,13.2,93.4,23,1.4
2020,3,10,5,45,0,0,0,14.1,90.4,23,1.5
2020,3,10,6,45,14,61,64,14.4,87.8,25,1.5
2020,3,10,7,45,548,100,299,14.8,84.2,27,1.1
2020,3,10,8,45,875,86,549,15.4,78.6,89,0.3
2020,3,10,9,45,926,102,731,17.8,66.0,190,0.9
2020,3,10,10,45,770,200,800,20.4,57.6,189,1.6
2020,3,10,11,45,492,346,754,20.5,58.0,187,2.1
2020,3,10,12,45,184,468,619,21.0,56.6,185,2.4
2020,3,10,13,45,315,378,615,21.6,55.5,189,2.4
2020,3,10,14,45,272,322,493,20.6,60.6,197,1.9
2020,3,10,15,45,201,238,335,19.5,65.9,197,1.6
2020,3,10,16,45,0,134,134,19.5,66.1,194,1.4
2020,3,10,17,45,27,22,24,19.6,66.8,197,1.4
2020,3,10,18,45,0,0,0,19.2,70.3,192,1.1
2020,3,10,19,45,0,0,0,17.8,74.2,210,0.6
2020,3,10,20,45,0,0,0,16.7,77.0,240,0.4
2020,3,10,21,45,0,0,0,15.3,83.7,310,0.2
2020,3,10,22,45,0,0,0,14.0,89.2,17,0.5
2020,3,10,23,45,0,0,0,13.9,89.8,18,0.9
2020,3,11,0,45,0,0,0,13.4,91.5,19,1.4
2020,3,11,1,45,0,0,0,12.6,94.3,20,1.5
2020,3,11,2,45,0,0,0,12.4,96.1,20,1.6
2020,3,11,3,45,0,0,0,12.3,96.1,20,1.9
2020,3,11,4,45,0,0,0,12.6,94.6,23,2.1
2020,3,11,5,45,0,0,0,12.9,93.3,24,2.1
2020,3,11,6,45,3,57,58,14.2,88.7,22,2.1
2020,3,11,7,45,314,149,264,15.9,82.7,24,1.7
2020,3,11,8,45,780,115,532,16.5,77.5,53,0.9
2020,3,11,9,45,827,144,709,18.6,62.8,133,1.1
2020,3,11,10,45,318,384,634,21.2,50.0,153,1.9
2020,3,11,11,45,845,180,885,21.8,46.3,158,2.4
2020,3,11,12,45,847,176,873,22.6,44.1,159,2.7
2020,3,11,13,45,802,177,782,23.2,43.2,158,2.8
2020,3,11,14,45,751,157,631,22.3,48.5,156,2.8
2020,3,11,15,45,365,199,375,21.2,55.0,163,2.9
2020,3,11,16,45,93,122,152,21.0,57.2,177,2.2
2020,3,11,17,45,4,21,21,20.7,61.6,202,1.0
2020,3,11,18,45,0,0,0,19.9,66.6,312,0.4
2020,3,11,19,45,0,0,0,17.7,73.8,15,0.9
2020,3,11,20,45,0,0,0,16.2,79.8,21,1.3
2020,3,11,21,45,0,0,0,15.5,84.0,17,1.4
2020,3,11,22,45,0,0,0,14.4,90.4,14,1.4
2020,3,11,23,45,0,0,0,14.2,92.8,21,1.7
2020,3,12,0,45,0,0,0,13.5,94.3,28,1.9
2020,3,12,1,45,0,0,0,12.9,94.9,28,2.0
2020,3,12,2,45,0,0,0,12.5,95.8,23,2.1
2020,3,12,3,45,0,0,0,11.9,97.7,24,2.2
2020,3,12,4,45,0,0,0,12.0,97.1,30,2.5
2020,3,12,5,45,0,0,0,12.2,95.2,30,2.8
2020,3,12,6,45,0,49,49,13.6,88.9,27,2.7
2020,3,12,7,45,166,173,239,15.6,85.1,24,2.2
2020,3,12,8,45,623,171,508,16.3,82.7,22,1.5
2020,3,12,9,45,756,182,703,19.5,65.3,47,0.7
2020,3,12,10,45,830,181,839,22.5,50.0,128,0.9
2020,3,12,11,45,891,161,908,22.4,46.7,147,1.8
2020,3,12,12,45,907,149,898,23.4,43.7,149,2.4
2020,3,12,13,45,890,139,812,24.6,40.8,152,2.7
2020,3,12,14,45,827,132,657,23.8,44.3,161,2.9
2020,3,12,15,45,660,133,439,22.7,50.4,171,2.5
2020,3,12,16,45,423,89,211,22.7,53.8,181,1.5
2020,3,12,17,45,25,23,25,23.0,53.8,199,0.7
2020,3,12,18,45,0,0,0,21.6,57.0,153,0.3
2020,3,12,19,45,0,0,0,19.2,66.5,78,0.7
2020,3,12,20,45,0,0,0,18.2,71.0,68,0.9
2020,3,12,21,45,0,0,0,17.7,72.3,63,1.0
2020,3,12,22,45,0,0,0,17.0,74.8,51,1.0
2020,3,12,23,45,0,0,0,16.2,77.7,36,0.9
2020,3,13,0,45,0,0,0,14.9,80.1,24,1.0
2020,3,13,1,45,0,0,0,13.9,81.0,17,1.2
2020,3,13,2,45,0,0,0,13.7,80.5,13,1.4
2020,3,13,3,45,0,0,0,14.2,77.4,16,1.6
2020,3,13,4,45,0,0,0,14.4,74.9,24,1.9
2020,3,13,5,45,0,0,0,14.6,72.9,25,1.9
2020,3,13,6,45,0,16,16,14.8,72.0,35,1.8
2020,3,13,7,45,0,15,15,14.4,77.0,71,1.3
2020,3,13,8,45,0,60,60,13.8,83.5,99,1.3
2020,3,13,9,45,0,135,135,14.6,77.6,85,1.7
2020,3,13,10,45,258,382,593,16.7,67.7,84,2.3
2020,3,13,11,45,799,205,878,18.4,60.9,92,2.9
2020,3,13,12,45,811,195,868,19.6,50.7,108,3.2
2020,3,13,13,45,584,267,717,20.4,46.3,123,3.2
2020,3,13,14,45,36,356,380,19.8,52.7,126,3.0
2020,3,13,15,45,305,191,320,18.0,62.6,141,2.5
2020,3,13,16,45,395,91,202,16.2,71.8,192,1.3
2020,3,13,17,45,39,21,26,15.2,81.5,305,1.0
2020,3,13,18,45,0,0,0,14.6,88.4,14,1.8
2020,3,13,19,45,0,0,0,13.4,90.6,32,2.2
2020,3,13,20,45,0,0,0,12.9,92.7,28,2.3
2020,3,13,21,45,0,0,0,12.6,94.6,25,2.3
2020,3,13,22,45,0,0,0,12.0,95.2,21,2.4
2020,3,13,23,45,0,0,0,12.0,94.5,19,2.3
2020,3,14,0,45,0,0,0,11.6,94.2,16,2.2
2020,3,14,1,45,0,0,0,11.4,93.3,18,2.3
2020,3,14,2,45,0,0,0,11.4,93.3,23,2.4
2020,3,14,3,45,0,0,0,11.5,94.2,24,2.4
2020,3,14,4,45,0,0,0,12.4,90.9,24,2.4
2020,3,14,5,45,0,0,0,13.0,87.4,23,2.3
2020,3,14,6,45,1,22,22,13.0,86.5,23,2.3
2020,3,14,7,45,24,128,138,13.1,84.8,27,2.1
2020,3,14,8,45,620,168,511,13.2,80.7,33,1.9
2020,3,14,9,45,642,225,673,16.0,68.2,39,1.9
2020,3,14,10,45,759,211,817,19.2,57.7,50,2.1
2020,3,14,11,45,306,432,690,19.8,55.2,76,2.1
2020,3,14,12,45,5,429,433,20.5,56.1,116,2.1
2020,3,14,13,45,22,404,420,20.6,59.6,147,2.2
2020,3,14,14,45,53,369,401,18.9,63.4,167,1.9
2020,3,14,15,45,0,120,120,18.2,63.3,119,0.7
2020,3,14,16,45,0,55,55,19.1,61.6,36,0.7
2020,3,14,17,45,0,19,19,19.2,61.2,74,0.5
2020,3,14,18,45,0,0,0,18.2,63.7,109,0.9
2020,3,14,19,45,0,0,0,16.0,72.5,108,1.2
2020,3,14,20,45,0,0,0,14.6,78.7,86,0.8
2020,3,14,21,45,0,0,0,14.0,79.5,46,0.5
2020,3,14,22,45,0,0,0,13.6,79.7,35,1.0
2020,3,14,23,45,0,0,0,13.7,79.4,37,1.3
2020,3,15,0,45,0,0,0,13.3,81.0,51,1.4
2020,3,15,1,45,0,0,0,12.8,83.4,50,1.6
2020,3,15,2,45,0,0,0,11.9,85.2,37,1.4
2020,3,15,3,45,0,0,0,10.8,88.4,25,1.2
2020,3,15,4,45,0,0,0,11.0,88.7,11,1.3
2020,3,15,5,45,0,1,1,11.5,87.5,10,1.5
2020,3,15,6,45,0,17,17,12.4,85.3,14,1.8
2020,3,15,7,45,18,169,175,13.6,79.9,14,1.6
2020,3,15,8,45,17,314,325,14.0,74.6,22,1.2
2020,3,15,9,45,309,362,574,16.2,63.2,51,1.1
2020,3,15,10,45,545,317,756,18.8,53.0,90,1.0
2020,3,15,11,45,427,389,752,19.4,50.1,133,1.0
2020,3,15,12,45,271,450,677,19.6,49.3,177,1.3
2020,3,15,13,45,176,442,575,19.3,51.7,191,1.6
2020,3,15,14,45,602,220,602,18.4,57.9,212,0.8
2020,3,15,15,45,398,201,393,18.2,61.2,319,0.6
2020,3,15,16,45,484,88,220,18.6,61.5,317,0.8
2020,3,15,17,45,106,21,34,19.2,60.4,304,1.0
2020,3,15,18,45,0,0,0,18.1,63.9,329,1.3
2020,3,15,19,45,0,0,0,15.2,74.6,356,1.3
2020,3,15,20,45,0,0,0,13.6,80.5,5,1.1
2020,3,15,21,45,0,0,0,12.6,83.4,6,1.0
2020,3,15,22,45,0,0,0,11.9,85.0,2,1.2
2020,3,15,23,45,0,0,0,11.9,84.4,2,1.3
2020,3,16,0,45,0,0,0,11.2,86.6,10,1.2
2020,3,16,1,45,0,0,0,10.7,89.5,15,1.1
2020,3,16,2,45,0,0,0,10.2,90.7,18,1.2
2020,3,16,3,45,0,0,0,9.8,91.9,19,1.2
2020,3,16,4,45,0,0,0,9.8,92.9,18,1.3
2020,3,16,5,45,1,1,1,9.9,92.2,20,1.3
2020,3,16,6,45,140,65,94,11.8,86.5,19,1.6
2020,3,16,7,45,650,95,336,14.6,78.8,5,1.3
2020,3,16,8,45,816,112,565,15.3,70.5,305,0.8
2020,3,16,9,45,860,136,742,18.1,57.4,252,1.3
2020,3,16,10,45,800,189,837,21.0,49.7,243,1.7
2020,3,16,11,45,966,114,938,21.0,49.4,242,1.7
2020,3,16,12,45,967,111,923,22.2,46.1,236,1.7
2020,3,16,13,45,899,128,820,23.4,42.4,229,2.0
2020,3,16,14,45,240,321,484,22.1,47.6,225,2.3
2020,3,16,15,45,6,266,269,20.6,54.8,223,2.5
2020,3,16,16,45,37,125,132,20.2,59.5,225,2.1
2020,3,16,17,45,45,26,30,20.6,58.6,232,1.5
2020,3,16,18,45,0,0,0,20.3,58.7,241,0.9
2020,3,16,19,45,0,0,0,17.9,68.3,252,0.5
2020,3,16,20,45,0,0,0,16.1,74.4,296,0.4
2020,3,16,21,45,0,0,0,14.8,78.8,348,0.5
2020,3,16,22,45,0,0,0,13.5,83.2,4,0.7
2020,3,16,23,45,0,0,0,13.3,83.7,10,0.9
2020,3,17,0,45,0,0,0,12.8,85.3,13,0.9
2020,3,17,1,45,0,0,0,12.2,87.6,13,0.9
2020,3,17,2,45,0,0,0,11.3,91.7,15,1.0
2020,3,17,3,45,0,0,0,10.5,96.4,15,1.1
2020,3,17,4,45,0,0,0,10.7,96.7,16,1.3
2020,3,17,5,45,3,1,2,10.9,95.4,17,1.4
2020,3,17,6,45,228,61,105,12.8,88.6,16,1.5
2020,3,17,7,45,742,76,352,15.6,77.7,6,1.2
2020,3,17,8,45,880,88,580,16.4,68.8,305,0.6
2020,3,17,9,45,942,97,765,18.8,58.3,241,1.1
2020,3,17,10,45,968,104,890,21.8,51.1,230,1.7
2020,3,17,11,45,990,100,948,22.1,50.5,226,2.1
2020,3,17,12,45,979,103,929,22.5,49.0,225,2.3
2020,3,17,13,45,945,106,836,23.4,46.1,227,2.5
2020,3,17,14,45,884,106,678,22.7,48.9,227,2.5
2020,3,17,15,45,791,94,472,21.4,55.8,228,2.4
2020,3,17,16,45,587,72,237,20.9,60.6,234,1.9
2020,3,17,17,45,139,21,38,21.2,61.1,244,1.3
2020,3,17,18,45,0,0,0,21.0,59.8,265,1.0
2020,3,17,19,45,0,0,0,18.8,68.3,313,0.7
2020,3,17,20,45,0,0,0,17.0,78.3,356,0.7
2020,3,17,21,45,0,0,0,16.0,81.3,8,0.8
2020,3,17,22,45,0,0,0,15.2,83.1,7,0.8
2020,3,17,23,45,0,0,0,15.1,83.4,10,0.9
2020,3,18,0,45,0,0,0,14.2,86.1,12,1.0
2020,3,18,1,45,0,0,0,13.3,88.6,11,1.1
2020,3,18,2,45,0,0,0,12.3,90.6,10,1.2
2020,3,18,3,45,0,0,0,11.4,91.7,11,1.3
2020,3,18,4,45,0,0,0,11.8,90.2,15,1.3
2020,3,18,5,45,2,2,2,12.4,89.1,18,1.3
2020,3,18,6,45,152,69,100,14.0,85.8,18,1.3
2020,3,18,7,45,679,90,347,16.3,77.5,359,0.9
2020,3,18,8,45,828,107,573,17.3,70.1,279,0.6
2020,3,18,9,45,894,118,756,19.7,61.4,242,1.1
2020,3,18,10,45,923,127,880,22.1,54.3,235,1.7
2020,3,18,11,45,944,124,936,22.5,54.3,232,2.1
2020,3,18,12,45,933,126,916,23.4,51.9,235,2.3
2020,3,18,13,45,899,126,823,23.6,50.8,242,2.0
2020,3,18,14,45,828,126,665,21.3,58.9,257,1.8
2020,3,18,15,45,724,112,461,19.7,64.8,266,1.5
2020,3,18,16,45,517,81,229,19.8,66.8,257,1.0
2020,3,18,17,45,105,23,36,20.5,66.1,270,0.7
2020,3,18,18,45,0,0,0,20.2,67.1,324,0.7
2020,3,18,19,45,0,0,0,17.7,74.7,354,0.9
2020,3,18,20,45,0,0,0,16.2,76.2,357,1.0
2020,3,18,21,45,0,0,0,15.6,76.6,0,1.1
2020,3,18,22,45,0,0,0,14.8,78.5,5,1.1
2020,3,18,23,45,0,0,0,14.4,80.6,11,1.0
2020,3,19,0,45,0,0,0,13.7,85.4,12,1.0
2020,3,19,1,45,0,0,0,12.8,87.6,12,1.0
2020,3,19,2,45,0,0,0,11.9,91.5,11,1.1
2020,3,19,3,45,0,0,0,11.6,95.5,12,1.2
2020,3,19,4,45,0,0,0,12.0,93.9,15,1.4
2020,3,19,5,45,0,2,2,12.5,91.5,16,1.5
2020,3,19,6,45,28,77,84,13.4,89.5,17,1.4
2020,3,19,7,45,456,135,317,17.2,76.4,16,0.9
2020,3,19,8,45,777,125,566,20.1,62.9,274,0.3
2020,3,19,9,45,850,139,749,20.7,57.5,221,1.1
2020,3,19,10,45,883,148,871,22.0,54.3,228,1.7
2020,3,19,11,45,906,146,928,22.2,54.7,237,2.2
2020,3,19,12,45,883,154,905,22.8,53.1,241,2.3
2020,3,19,13,45,774,188,791,23.1,52.8,243,2.1
2020,3,19,14,45,213,333,481,21.8,55.1,242,1.8
2020,3,19,15,45,0,149,149,21.2,55.5,250,1.4
2020,3,19,16,45,39,152,161,21.4,56.9,284,1.1
2020,3,19,17,45,19,29,31,21.5,59.4,347,0.9
2020,3,19,18,45,0,0,0,20.4,62.3,20,1.0
2020,3,19,19,45,0,0,0,18.4,69.3,15,1.0
2020,3,19,20,45,0,0,0,17.5,74.2,11,1.0
2020,3,19,21,45,0,0,0,16.4,76.0,13,1.1
2020,3,19,22,45,0,0,0,15.0,80.4,16,1.3
2020,3,19,23,45,0,0,0,14.4,83.3,17,1.4
2020,3,20,0,45,0,0,0,13.8,85.7,17,1.4
2020,3,20,1,45,0,0,0,13.4,86.5,17,1.4
2020,3,20,2,45,0,0,0,12.8,88.8,16,1.3
2020,3,20,3,45,0,0,0,12.1,90.9,19,1.2
2020,3,20,4,45,0,0,0,12.5,87.9,24,1.3
2020,3,20,5,45,0,2,2,13.2,84.3,28,1.2
2020,3,20,6,45,12,75,79,15.1,79.9,33,1.2
2020,3,20,7,45,368,155,304,17.8,71.0,53,1.0
2020,3,20,8,45,677,161,549,18.7,63.6,101,0.8
2020,3,20,9,45,763,182,732,20.0,55.9,152,0.8
2020,3,20,10,45,761,216,841,22.5,47.1,200,0.9
2020,3,20,11,45,602,309,830,23.5,44.6,220,1.2
2020,3,20,12,45,182,377,534,23.4,45.2,224,1.4
2020,3,20,13,45,0,199,199,23.2,45.4,233,1.3
2020,3,20,14,45,52,311,342,22.4,52.8,265,0.7
2020,3,20,15,45,565,161,435,21.8,59.4,350,0.8
2020,3,20,16,45,425,96,220,22.3,55.3,350,1.2
2020,3,20,17,45,72,25,35,22.7,50.8,336,1.4
2020,3,20,18,45,0,0,0,21.4,55.5,352,1.3
2020,3,20,19,45,0,0,0,18.8,67.5,17,1.0
2020,3,20,20,45,0,0,0,17.2,73.6,16,0.9
2020,3,20,21,45,0,0,0,16.6,74.7,11,1.0
2020,3,20,22,45,0,0,0,16.1,75.7,14,1.2
2020,3,20,23,45,0,0,0,15.6,77.1,18,1.5
2020,3,21,0,45,0,0,0,14.5,80.6,18,1.6
2020,3,21,1,45,0,0,0,13.8,84.0,18,1.6
2020,3,21,2,45,0,0,0,13.5,84.3,15,1.7
2020,3,21,3,45,0,0,0,13.2,84.0,14,1.8
2020,3,21,4,45,0,0,0,13.1,83.1,17,1.8
2020,3,21,5,45,0,1,1,13.3,80.4,18,1.6
2020,3,21,6,45,0,73,73,14.8,77.2,26,1.2
2020,3,21,7,45,0,143,143,16.8,70.5,55,0.9
2020,3,21,8,45,214,279,413,18.0,63.6,98,0.8
2020,3,21,9,45,753,188,734,19.6,56.0,142,0.8
2020,3,21,10,45,742,227,840,21.5,48.9,184,1.2
2020,3,21,11,45,826,196,915,22.8,46.8,205,1.8
2020,3,21,12,45,616,299,827,24.0,44.9,213,2.1
2020,3,21,13,45,391,369,676,24.0,44.8,216,2.0
2020,3,21,14,45,123,370,455,23.0,48.8,227,1.8
2020,3,21,15,45,0,220,220,22.0,53.1,235,1.9
2020,3,21,16,45,0,72,72,21.6,56.6,223,1.3
2020,3,21,17,45,0,25,25,21.2,58.3,222,0.8
2020,3,21,18,45,0,0,0,20.8,57.1,263,0.5
2020,3,21,19,45,0,0,0,19.2,62.6,22,0.6
2020,3,21,20,45,0,0,0,17.4,70.4,41,1.0
2020,3,21,21,45,0,0,0,16.4,71.6,37,1.0
2020,3,21,22,45,0,0,0,15.8,72.2,19,0.9
2020,3,21,23,45,0,0,0,15.6,72.9,6,0.9
2020,3,22,0,45,0,0,0,14.8,77.0,12,1.0
2020,3,22,1,45,0,0,0,14.3,80.3,16,1.1
2020,3,22,2,45,0,0,0,13.4,83.5,15,1.2
2020,3,22,3,45,0,0,0,12.5,86.5,16,1.3
2020,3,22,4,45,0,0,0,13.3,82.9,15,1.3
2020,3,22,5,45,0,3,3,14.0,79.2,14,1.3
2020,3,22,6,45,0,61,61,15.2,76.8,16,1.3
2020,3,22,7,45,120,208,260,17.2,68.8,3,0.8
2020,3,22,8,45,534,211,526,18.2,62.6,268,0.6
2020,3,22,9,45,692,218,723,19.4,59.1,240,1.4
2020,3,22,10,45,644,282,814,21.7,53.2,235,1.8
2020,3,22,11,45,275,475,716,22.2,53.0,233,2.3
2020,3,22,12,45,66,464,522,22.0,55.6,240,2.5
2020,3,22,13,45,0,306,306,23.0,53.7,279,1.8
2020,3,22,14,45,0,115,115,22.2,58.7,310,1.2
2020,3,22,15,45,0,86,86,21.1,64.3,314,0.5
2020,3,22,16,45,25,117,122,21.5,66.5,349,0.5
2020,3,22,17,45,48,27,33,21.3,69.1,334,0.7
2020,3,22,18,45,0,0,0,19.6,71.8,351,0.8
2020,3,22,19,45,0,0,0,17.2,81.3,24,1.1
2020,3,22,20,45,0,0,0,16.2,84.6,28,1.1
2020,3,22,21,45,0,0,0,15.7,85.1,23,1.0
2020,3,22,22,45,0,0,0,14.8,88.1,20,1.0
2020,3,22,23,45,0,0,0,14.6,87.5,18,0.9
2020,3,23,0,45,0,0,0,14.0,88.9,18,0.9
2020,3,23,1,45,0,0,0,13.4,91.5,18,0.9
2020,3,23,2,45,0,0,0,13.6,91.0,19,0.9
2020,3,23,3,45,0,0,0,13.6,89.5,25,0.9
2020,3,23,4,45,0,0,0,14.2,85.5,29,1.0
2020,3,23,5,45,0,4,4,15.0,81.2,27,1.0
2020,3,23,6,45,0,78,78,16.2,79.0,25,0.9
2020,3,23,7,45,220,192,287,17.6,75.4,76,0.4
2020,3,23,8,45,687,159,562,17.7,72.1,176,0.8
2020,3,23,9,45,733,195,731,18.7,66.4,189,1.2
2020,3,23,10,45,725,232,834,20.9,59.5,204,1.5
2020,3,23,11,45,483,365,789,22.2,57.3,216,1.7
2020,3,23,12,45,193,486,653,23.0,54.0,231,1.7
2020,3,23,13,45,230,428,607,23.7,50.9,246,1.8
2020,3,23,14,45,281,334,524,23.1,54.8,253,1.9
2020,3,23,15,45,34,282,297,22.5,59.4,249,2.1
2020,3,23,16,45,53,150,166,22.3,60.9,238,1.9
2020,3,23,17,45,39,31,35,22.7,61.6,230,1.3
2020,3,23,18,45,0,0,0,21.6,65.3,254,0.9
2020,3,23,19,45,0,0,0,19.3,73.3,298,0.9
2020,3,23,20,45,0,0,0,18.3,77.8,336,1.0
2020,3,23,21,45,0,0,0,17.4,81.0,357,1.0
2020,3,23,22,45,0,0,0,16.5,84.9,9,0.9
2020,3,23,23,45,0,0,0,16.0,87.1,16,0.9
2020,3,24,0,45,0,0,0,15.0,90.5,19,0.9
2020,3,24,1,45,0,0,0,14.4,93.4,18,0.9
2020,3,24,2,45,0,0,0,14.2,94.9,20,1.0
2020,3,24,3,45,0,0,0,13.8,96.2,23,1.1
2020,3,24,4,45,0,0,0,14.4,95.0,22,1.2
2020,3,24,5,45,0,3,3,14.8,92.8,22,1.2
2020,3,24,6,45,0,54,54,16.2,88.0,27,1.2
2020,3,24,7,45,216,184,281,18.1,79.0,56,0.7
2020,3,24,8,45,422,252,494,18.6,74.1,161,0.7
2020,3,24,9,45,498,284,660,20.4,67.7,190,1.2
2020,3,24,10,45,728,228,836,22.9,60.7,204,1.6
2020,3,24,11,45,439,390,777,23.2,60.0,220,2.0
2020,3,24,12,45,345,424,724,23.7,59.5,229,2.2
2020,3,24,13,45,469,331,701,24.2,58.9,236,2.3
2020,3,24,14,45,163,371,482,23.3,63.0,254,2.1
2020,3,24,15,45,54,273,301,22.6,67.4,270,1.8
2020,3,24,16,45,118,130,166,22.6,68.2,270,1.4
2020,3,24,17,45,0,25,25,22.8,69.1,281,0.7
2020,3,24,18,45,0,0,0,23.0,67.3,342,0.4
2020,3,24,19,45,0,0,0,21.3,71.7,12,0.7
2020,3,24,20,45,0,0,0,19.0,79.6,12,1.0
2020,3,24,21,45,0,0,0,18.2,82.7,11,1.1
2020,3,24,22,45,0,0,0,17.9,84.8,12,1.2
2020,3,24,23,45,0,0,0,18.0,84.2,15,1.3
2020,3,25,0,45,0,0,0,16.8,88.0,17,1.4
2020,3,25,1,45,0,0,0,15.8,92.9,17,1.4
2020,3,25,2,45,0,0,0,15.0,94.4,17,1.4
2020,3,25,3,45,0,0,0,14.2,94.6,18,1.3
2020,3,25,4,45,0,0,0,14.9,91.4,18,1.2
2020,3,25,5,45,0,4,4,15.5,87.9,17,1.2
2020,3,25,6,45,35,87,96,17.1,83.9,17,1.4
2020,3,25,7,45,480,140,343,19.3,73.9,358,1.1
2020,3,25,8,45,747,141,584,19.8,66.6,307,1.1
2020,3,25,9,45,831,151,768,21.7,58.8,279,1.6
2020,3,25,10,45,879,154,893,24.3,51.6,268,2.2
2020,3,25,11,45,894,155,945,24.9,51.4,262,2.8
2020,3,25,12,45,797,202,894,25.8,48.5,258,3.2
2020,3,25,13,45,878,139,837,26.2,47.6,256,3.4
2020,3,25,14,45,837,124,683,24.8,50.6,257,3.4
2020,3,25,15,45,594,150,451,24.1,50.6,262,3.0
2020,3,25,16,45,332,120,219,24.3,51.8,267,2.0
2020,3,25,17,45,73,31,41,24.3,54.5,284,1.4
2020,3,25,18,45,0,0,0,23.3,58.3,314,1.5
2020,3,25,19,45,0,0,0,21.2,65.4,338,1.6
2020,3,25,20,45,0,0,0,19.4,70.3,343,1.6
2020,3,25,21,45,0,0,0,18.3,72.4,343,1.5
2020,3,25,22,45,0,0,0,17.4,74.2,346,1.5
2020,3,25,23,45,0,0,0,17.5,73.2,354,1.6
2020,3,26,0,45,0,0,0,17.3,73.2,4,1.6
2020,3,26,1,45,0,0,0,16.9,75.3,9,1.6
2020,3,26,2,45,0,0,0,16.0,80.6,8,1.5
2020,3,26,3,45,0,0,0,15.1,85.3,8,1.4
2020,3,26,4,45,0,0,0,15.2,87.6,15,1.3
2020,3,26,5,45,2,6,6,15.5,88.7,18,1.3
2020,3,26,6,45,131,88,122,16.8,85.2,18,1.2
2020,3,26,7,45,654,105,377,19.1,76.2,354,0.8
2020,3,26,8,45,819,117,606,20.4,67.2,287,0.9
2020,3,26,9,45,881,130,787,22.4,57.4,260,1.6
2020,3,26,10,45,928,127,911,24.8,49.0,257,2.4
2020,3,26,11,45,959,116,967,25.2,46.4,256,2.9
2020,3,26,12,45,954,114,945,26.2,43.2,256,3.3
2020,3,26,13,45,738,200,794,27.2,39.8,257,3.5
2020,3,26,14,45,776,151,666,25.9,42.9,256,3.5
2020,3,26,15,45,241,219,353,24.5,48.4,250,3.2
2020,3,26,16,45,5,132,132,24.1,52.2,244,2.4
2020,3,26,17,45,49,34,40,23.4,58.0,248,1.5
2020,3,26,18,45,0,0,0,22.8,59.1,290,0.9
2020,3,26,19,45,0,0,0,21.5,59.8,346,1.1
2020,3,26,20,45,0,0,0,20.0,66.2,10,1.2
2020,3,26,21,45,0,0,0,19.0,72.1,15,1.2
2020,3,26,22,45,0,0,0,18.2,76.3,15,1.2
2020,3,26,23,45,0,0,0,18.0,77.5,13,1.4
2020,3,27,0,45,0,0,0,17.6,78.9,11,1.5
2020,3,27,1,45,0,0,0,17.0,80.1,11,1.6
2020,3,27,2,45,0,0,0,17.0,78.8,12,1.6
2020,3,27,3,45,0,0,0,17.2,78.4,14,1.6
2020,3,27,4,45,0,0,0,17.4,78.6,13,1.6
2020,3,27,5,45,0,3,3,17.5,78.4,9,1.5
2020,3,27,6,45,0,47,47,18.4,75.8,2,1.6
2020,3,27,7,45,0,131,131,20.3,68.5,345,1.4
2020,3,27,8,45,0,76,76,21.5,57.2,318,1.2
2020,3,27,9,45,0,93,93,22.4,49.8,291,1.3
2020,3,27,10,45,0,121,121,23.0,51.1,270,1.6
2020,3,27,11,45,0,164,164,22.1,57.3,263,2.2
2020,3,27,12,45,0,267,267,20.7,65.1,270,2.4
2020,3,27,13,45,0,122,122,19.7,72.0,271,2.1
2020,3,27,14,45,0,62,62,19.0,74.4,292,1.3
2020,3,27,15,45,0,73,73,18.6,76.6,21,1.1
2020,3,27,16,45,0,89,89,18.5,80.6,55,1.7
2020,3,27,17,45,4,25,25,18.9,81.4,56,2.0
2020,3,27,18,45,0,0,0,18.8,83.0,39,1.6
2020,3,27,19,45,0,0,0,16.9,87.7,5,1.2
2020,3,27,20,45,0,0,0,15.5,89.3,346,1.2
2020,3,27,21,45,0,0,0,15.0,87.6,335,1.3
2020,3,27,22,45,0,0,0,14.6,86.1,337,1.6
2020,3,27,23,45,0,0,0,14.4,84.4,341,1.8
2020,3,28,0,45,0,0,0,14.1,85.5,346,1.8
2020,3,28,1,45,0,0,0,13.6,88.3,355,1.9
2020,3,28,2,45,0,0,0,13.6,89.2,5,1.9
2020,3,28,3,45,0,0,0,13.5,89.2,8,1.8
2020,3,28,4,45,0,0,0,13.6,86.9,9,1.9
2020,3,28,5,45,2,7,7,13.8,84.3,9,2.0
2020,3,28,6,45,136,91,127,15.6,80.8,7,2.0
2020,3,28,7,45,664,108,387,17.8,75.0,358,1.7
2020,3,28,8,45,807,126,614,18.8,68.8,328,1.3
2020,3,28,9,45,884,133,798,21.8,57.7,291,1.3
2020,3,28,10,45,931,131,923,24.3,49.3,263,1.5
2020,3,28,11,45,972,114,982,24.3,48.8,248,2.0
2020,3,28,12,45,944,125,953,24.7,46.8,244,2.5
2020,3,28,13,45,905,128,854,25.1,44.5,247,2.8
2020,3,28,14,45,876,111,702,24.6,45.2,255,3.0
2020,3,28,15,45,784,99,495,24.0,46.6,267,2.8
2020,3,28,16,45,588,79,258,24.0,49.2,270,2.4
2020,3,28,17,45,156,28,49,23.7,53.7,269,1.9
2020,3,28,18,45,0,0,0,23.1,57.7,285,1.7
2020,3,28,19,45,0,0,0,20.6,65.8,311,1.5
2020,3,28,20,45,0,0,0,18.0,73.5,334,1.4
2020,3,28,21,45,0,0,0,17.0,76.1,349,1.3
2020,3,28,22,45,0,0,0,16.0,79.7,358,1.2
2020,3,28,23,45,0,0,0,15.6,81.5,2,1.2
2020,3,29,0,45,0,0,0,15.2,83.9,5,1.3
2020,3,29,1,45,0,0,0,14.6,86.1,4,1.4
2020,3,29,2,45,0,0,0,14.2,87.5,4,1.5
2020,3,29,3,45,0,0,0,13.8,88.6,8,1.5
2020,3,29,4,45,0,0,0,14.1,88.9,13,1.5
2020,3,29,5,45,3,8,9,14.2,89.2,15,1.6
2020,3,29,6,45,199,89,140,16.0,84.6,14,1.5
2020,3,29,7,45,677,109,397,18.7,72.6,342,0.9
2020,3,29,8,45,806,130,621,19.2,62.9,263,1.0
2020,3,29,9,45,873,142,802,21.1,52.7,239,1.6
2020,3,29,10,45,908,147,923,23.6,46.3,236,2.2
2020,3,29,11,45,934,140,977,24.0,47.8,241,2.5
2020,3,29,12,45,928,138,954,25.1,45.1,249,2.7
2020,3,29,13,45,896,136,857,26.1,40.9,254,3.1
2020,3,29,14,45,856,122,701,24.7,40.3,267,2.8
2020,3,29,15,45,770,106,496,23.4,41.0,278,2.2
2020,3,29,16,45,587,81,261,23.7,44.1,265,1.9
2020,3,29,17,45,163,29,51,23.7,46.9,258,1.7
2020,3,29,18,45,0,0,0,22.9,49.1,276,1.5
2020,3,29,19,45,0,0,0,20.2,55.5,307,1.4
2020,3,29,20,45,0,0,0,17.8,61.5,335,1.3
2020,3,29,21,45,0,0,0,16.8,64.7,352,1.4
2020,3,29,22,45,0,0,0,15.9,67.8,0,1.3
2020,3,29,23,45,0,0,0,15.6,69.3,7,1.2
2020,3,30,0,45,0,0,0,14.8,74.5,11,1.3
2020,3,30,1,45,0,0,0,13.6,80.2,15,1.4
2020,3,30,2,45,0,0,0,12.8,83.4,15,1.5
2020,3,30,3,45,0,0,0,12.5,85.9,14,1.6
2020,3,30,4,45,0,0,0,12.8,85.9,17,1.7
2020,3,30,5,45,1,9,9,12.8,85.6,18,1.8
2020,3,30,6,45,130,98,133,15.0,80.5,15,1.7
2020,3,30,7,45,581,135,386,18.2,67.3,358,1.2
2020,3,30,8,45,750,156,616,19.8,55.8,302,0.9
2020,3,30,9,45,823,172,797,22.9,44.9,261,1.4
2020,3,30,10,45,856,182,916,25.4,39.4,246,2.2
2020,3,30,11,45,871,183,966,25.1,40.9,243,2.8
2020,3,30,12,45,870,177,945,26.1,38.5,245,3.0
2020,3,30,13,45,843,170,850,27.2,35.9,246,3.0
2020,3,30,14,45,790,155,692,26.0,39.8,246,3.0
2020,3,30,15,45,686,134,484,24.8,43.9,247,2.9
2020,3,30,16,45,479,99,248,24.5,46.2,246,2.5
2020,3,30,17,45,102,32,47,24.0,48.9,250,1.8
2020,3,30,18,45,0,0,0,23.2,50.3,277,1.4
2020,3,30,19,45,0,0,0,21.2,55.6,317,1.3
2020,3,30,20,45,0,0,0,19.0,64.1,349,1.3
2020,3,30,21,45,0,0,0,17.2,69.9,2,1.2
2020,3,30,22,45,0,0,0,16.4,71.8,8,1.1
2020,3,30,23,45,0,0,0,16.6,70.9,11,1.0
2020,3,31,0,45,0,0,0,16.0,73.2,11,1.1
2020,3,31,1,45,0,0,0,15.2,77.3,10,1.1
2020,3,31,2,45,0,0,0,14.0,83.0,11,1.3
2020,3,31,3,45,0,0,0,13.3,86.8,15,1.4
2020,3,31,4,45,0,0,0,14.0,85.2,18,1.3
2020,3,31,5,45,0,10,10,14.6,83.6,18,1.3
2020,3,31,6,45,98,102,130,16.6,78.3,18,1.3
2020,3,31,7,45,571,132,385,19.2,66.0,11,0.9
2020,3,31,8,45,801,130,624,20.4,57.6,281,0.4
2020,3,31,9,45,866,141,802,22.7,51.0,222,1.1
2020,3,31,10,45,900,146,921,25.3,44.2,215,1.6
2020,3,31,11,45,912,148,971,25.8,43.8,209,1.8
2020,3,31,12,45,686,264,872,26.5,43.1,211,2.2
2020,3,31,13,45,660,251,785,27.1,42.9,222,2.2
2020,3,31,14,45,694,192,662,26.0,47.5,226,1.9
2020,3,31,15,45,628,147,469,25.0,51.6,230,1.6
2020,3,31,16,45,278,127,218,25.0,54.3,235,1.5
2020,3,31,17,45,40,30,36,25.6,55.7,243,1.5
2020,3,31,18,45,0,0,0,24.9,60.7,282,1.3
2020,3,31,19,45,0,0,0,22.4,70.2,333,1.3
2020,3,31,20,45,0,0,0,21.0,73.6,3,1.3
2020,3,31,21,45,0,0,0,20.2,76.1,13,1.1
2020,3,31,22,45,0,0,0,19.2,79.4,15,1.1
2020,3,31,23,45,0,0,0,18.6,80.1,14,1.5
2020,4,1,0,45,0,0,0,17.8,82.4,15,1.9
2020,4,1,1,45,0,0,0,17.2,84.4,15,2.1
2020,4,1,2,45,0,0,0,16.5,85.5,15,2.2
2020,4,1,3,45,0,0,0,16.0,84.3,18,2.2
2020,4,1,4,45,0,0,0,16.7,78.3,18,2.3
2020,4,1,5,45,0,5,5,17.3,73.2,19,2.3
2020,4,1,6,45,18,81,87,18.3,70.8,22,2.2
2020,4,1,7,45,370,181,349,19.8,65.8,19,1.6
2020,4,1,8,45,705,168,606,20.7,58.1,355,0.9
2020,4,1,9,45,789,182,788,23.4,48.2,300,0.9
2020,4,1,10,45,841,184,912,26.4,40.8,276,1.4
2020,4,1,11,45,834,196,952,26.6,38.2,269,2.2
2020,4,1,12,45,713,256,889,27.2,36.8,262,2.9
2020,4,1,13,45,830,170,844,27.6,37.6,261,3.4
2020,4,1,14,45,729,177,675,26.2,41.7,269,3.1
2020,4,1,15,45,689,133,486,25.5,43.4,276,2.5
2020,4,1,16,45,500,96,254,25.6,43.9,270,2.1
2020,4,1,17,45,115,33,50,25.1,49.4,268,1.6
2020,4,1,18,45,0,0,0,24.1,50.1,294,1.2
2020,4,1,19,45,0,0,0,21.8,54.7,341,1.3
2020,4,1,20,45,0,0,0,20.0,63.8,10,1.2
2020,4,1,21,45,0,0,0,19.0,66.7,15,0.9
2020,4,1,22,45,0,0,0,18.0,71.7,15,0.9
2020,4,1,23,45,0,0,0,17.8,75.0,17,1.0
2020,4,2,0,45,0,0,0,16.9,79.6,19,1.1
2020,4,2,1,45,0,0,0,16.1,82.9,19,1.1
2020,4,2,2,45,0,0,0,14.9,85.0,16,1.3
2020,4,2,3,45,0,0,0,13.8,86.3,18,1.6
2020,4,2,4,45,0,0,0,14.7,84.4,19,1.7
2020,4,2,5,45,0,11,11,15.6,82.3,18,1.6
2020,4,2,6,45,93,108,135,17.5,76.9,15,1.6
2020,4,2,7,45,551,142,391,19.8,65.2,358,1.1
2020,4,2,8,45,797,136,634,20.2,56.0,299,0.7
2020,4,2,9,45,857,152,813,22.4,49.2,248,1.0
2020,4,2,10,45,898,155,934,25.0,41.4,235,1.6
2020,4,2,11,45,943,135,992,25.6,38.1,233,2.3
2020,4,2,12,45,938,132,967,26.4,33.9,235,3.1
2020,4,2,13,45,913,129,872,26.9,30.5,245,3.3
2020,4,2,14,45,848,129,711,25.8,32.5,259,2.9
2020,4,2,15,45,647,144,483,24.8,35.8,276,2.5
2020,4,2,16,45,358,124,237,24.7,41.3,287,1.9
2020,4,2,17,45,29,41,45,24.6,47.8,301,1.4
2020,4,2,18,45,0,0,0,23.8,53.7,321,1.4
2020,4,2,19,45,0,0,0,21.3,60.7,337,1.6
2020,4,2,20,45,0,0,0,19.1,65.4,355,1.6
2020,4,2,21,45,0,0,0,17.6,69.5,8,1.5
2020,4,2,22,45,0,0,0,16.3,74.2,12,1.5
2020,4,2,23,45,0,0,0,16.0,77.2,12,1.5
2020,4,3,0,45,0,0,0,15.4,80.4,14,1.4
2020,4,3,1,45,0,0,0,14.8,83.0,18,1.5
2020,4,3,2,45,0,0,0,13.7,87.8,17,1.6
2020,4,3,3,45,0,0,0,12.8,91.5,16,1.6
2020,4,3,4,45,0,0,0,13.2,90.9,18,1.6
2020,4,3,5,45,0,11,11,13.6,90.7,18,1.6
2020,4,3,6,45,103,110,140,16.1,81.5,16,1.6
2020,4,3,7,45,593,136,403,19.3,66.6,0,1.1
2020,4,3,8,45,757,155,631,19.8,58.6,295,0.7
2020,4,3,9,45,825,171,810,21.8,49.6,245,1.2
2020,4,3,10,45,859,180,928,24.2,40.0,235,1.8
2020,4,3,11,45,893,168,982,24.6,37.6,233,2.4
2020,4,3,12,45,878,172,956,24.9,37.8,234,2.7
2020,4,3,13,45,846,168,859,25.7,36.5,237,2.8
2020,4,3,14,45,814,145,704,25.4,37.0,235,2.7
2020,4,3,15,45,722,124,497,24.4,39.5,236,2.5
2020,4,3,16,45,545,91,264,24.2,42.1,241,2.1
2020,4,3,17,45,161,32,56,24.3,42.5,251,1.5
2020,4,3,18,45,0,0,0,23.7,45.1,284,1.3
2020,4,3,19,45,0,0,0,21.2,51.1,329,1.2
2020,4,3,20,45,0,0,0,19.2,55.8,358,1.1
2020,4,3,21,45,0,0,0,18.0,61.1,3,1.0
2020,4,3,22,45,0,0,0,17.1,64.7,3,1.0
2020,4,3,23,45,0,0,0,16.9,64.9,9,1.0
2020,4,4,0,45,0,0,0,16.2,66.3,12,1.0
2020,4,4,1,45,0,0,0,15.4,70.2,14,1.0
2020,4,4,2,45,0,0,0,14.0,74.8,15,1.1
2020,4,4,3,45,0,0,0,13.1,79.6,14,1.2
2020,4,4,4,45,0,0,0,13.8,81.3,14,1.2
2020,4,4,5,45,0,13,13,14.4,80.8,16,1.3
2020,4,4,6,45,146,108,150,16.7,75.1,16,1.3
2020,4,4,7,45,652,116,414,19.5,62.4,350,0.9
2020,4,4,8,45,872,103,654,20.1,53.8,280,0.9
2020,4,4,9,45,927,111,831,22.6,45.4,247,1.4
2020,4,4,10,45,952,117,949,25.3,38.8,234,1.8
2020,4,4,11,45,946,130,995,25.6,38.9,230,2.3
2020,4,4,12,45,932,135,969,26.4,37.3,230,2.6
2020,4,4,13,45,901,134,872,26.7,37.4,234,2.6
2020,4,4,14,45,852,127,714,25.4,39.2,246,2.3
2020,4,4,15,45,756,114,506,24.7,40.4,259,1.9
2020,4,4,16,45,568,87,269,24.6,43.6,260,1.4
2020,4,4,17,45,162,33,57,25.2,41.8,267,1.2
2020,4,4,18,45,0,0,0,23.9,44.2,313,1.2
2020,4,4,19,45,0,0,0,20.7,56.7,358,1.3
2020,4,4,20,45,0,0,0,18.9,63.6,13,1.1
2020,4,4,21,45,0,0,0,17.6,66.3,11,1.1
2020,4,4,22,45,0,0,0,16.5,69.3,13,1.1
2020,4,4,23,45,0,0,0,16.2,70.8,15,1.2
2020,4,5,0,45,0,0,0,15.2,75.0,13,1.3
2020,4,5,1,45,0,0,0,14.4,79.0,12,1.4
2020,4,5,2,45,0,0,0,13.9,81.3,10,1.5
2020,4,5,3,45,0,0,0,13.4,82.6,11,1.5
2020,4,5,4,45,0,0,0,14.4,80.8,16,1.6
2020,4,5,5,45,0,13,13,15.2,78.3,19,1.7
2020,4,5,6,45,104,114,146,17.4,73.5,20,1.8
2020,4,5,7,45,607,130,411,19.9,62.9,15,1.3
2020,4,5,8,45,839,119,652,20.4,53.5,320,0.5
2020,4,5,9,45,904,124,831,23.0,45.5,248,1.0
2020,4,5,10,45,937,127,948,25.8,39.7,241,1.9
2020,4,5,11,45,956,122,997,26.0,38.8,242,2.8
2020,4,5,12,45,833,184,933,26.7,36.3,246,3.1
2020,4,5,13,45,759,197,824,27.2,33.9,250,3.0
2020,4,5,14,45,96,393,461,26.1,36.6,252,2.8
2020,4,5,15,45,527,185,451,25.2,40.3,257,2.4
2020,4,5,16,45,545,90,265,25.2,43.9,255,1.6
2020,4,5,17,45,120,34,54,25.2,50.4,257,1.4
2020,4,5,18,45,0,0,0,24.7,49.8,280,1.5
2020,4,5,19,45,0,0,0,22.0,51.7,315,1.4
2020,4,5,20,45,0,0,0,19.2,61.2,341,1.5
2020,4,5,21,45,0,0,0,17.9,65.1,353,1.6
2020,4,5,22,45,0,0,0,17.2,66.2,0,1.4
2020,4,5,23,45,0,0,0,17.0,66.7,7,1.3
2020,4,6,0,45,0,0,0,16.0,70.6,9,1.5
2020,4,6,1,45,0,0,0,14.9,74.7,12,1.7
2020,4,6,2,45,0,0,0,14.1,78.7,13,1.8
2020,4,6,3,45,0,0,0,13.6,81.8,12,1.9
2020,4,6,4,45,0,0,0,14.1,80.3,13,2.0
2020,4,6,5,45,0,14,14,14.6,78.2,14,2.1
2020,4,6,6,45,124,117,153,16.9,71.8,12,2.1
2020,4,6,7,45,590,139,414,20.2,60.3,1,1.8
2020,4,6,8,45,815,133,655,21.3,50.7,330,1.3
2020,4,6,9,45,883,142,834,24.2,40.3,297,1.7
2020,4,6,10,45,911,150,952,27.2,33.1,280,2.5
2020,4,6,11,45,934,143,1002,27.5,31.9,271,3.3
2020,4,6,12,45,922,144,974,28.4,29.8,267,4.0
2020,4,6,13,45,895,140,876,29.4,27.5,265,4.3
2020,4,6,14,45,848,131,719,28.7,28.3,264,4.3
2020,4,6,15,45,761,116,513,27.9,31.4,260,3.9
2020,4,6,16,45,579,89,276,27.6,35.0,257,3.3
2020,4,6,17,45,174,34,60,27.4,37.4,260,2.6
2020,4,6,18,45,0,0,0,26.2,40.2,275,1.9
2020,4,6,19,45,0,0,0,24.0,42.3,308,1.5
2020,4,6,20,45,0,0,0,21.9,48.1,350,1.4
2020,4,6,21,45,0,0,0,19.9,56.9,8,1.4
2020,4,6,22,45,0,0,0,18.6,61.9,7,1.3
2020,4,6,23,45,0,0,0,18.1,66.0,7,1.3
2020,4,7,0,45,0,0,0,17.3,71.5,9,1.5
2020,4,7,1,45,0,0,0,16.4,75.2,13,1.6
2020,4,7,2,45,0,0,0,14.9,75.7,17,1.6
2020,4,7,3,45,0,0,0,13.8,76.5,18,1.6
2020,4,7,4,45,0,0,0,13.9,76.8,18,1.6
2020,4,7,5,45,0,13,14,13.9,76.6,19,1.7
2020,4,7,6,45,94,120,149,16.8,72.4,19,1.9
2020,4,7,7,45,466,177,395,20.7,58.1,18,1.5
2020,4,7,8,45,782,150,653,22.0,46.3,359,0.6
2020,4,7,9,45,866,154,836,25.2,37.0,262,0.6
2020,4,7,10,45,896,161,952,27.8,31.7,244,1.5
2020,4,7,11,45,877,180,989,27.6,32.9,250,2.4
2020,4,7,12,45,802,215,939,28.6,30.3,256,3.1
2020,4,7,13,45,843,171,866,29.8,27.4,259,3.7
2020,4,7,14,45,789,157,706,29.0,28.2,262,3.8
2020,4,7,15,45,680,140,497,27.8,31.0,264,3.3
2020,4,7,16,45,463,107,259,27.5,35.3,260,2.4
2020,4,7,17,45,97,39,54,27.4,40.4,266,1.9
2020,4,7,18,45,0,0,0,26.0,44.6,297,1.8
2020,4,7,19,45,0,0,0,23.2,47.1,334,1.8
2020,4,7,20,45,0,0,0,21.0,47.8,357,1.7
2020,4,7,21,45,0,0,0,19.5,52.1,7,1.6
2020,4,7,22,45,0,0,0,18.1,59.2,9,1.6
2020,4,7,23,45,0,0,0,17.6,61.6,9,1.7
2020,4,8,0,45,0,0,0,16.5,64.1,10,1.8
2020,4,8,1,45,0,0,0,15.8,65.3,11,1.8
2020,4,8,2,45,0,0,0,16.1,64.3,13,2.0
2020,4,8,3,45,0,0,0,16.2,64.1,15,2.2
2020,4,8,4,45,0,0,0,16.5,64.6,15,2.3
2020,4,8,5,45,0,9,9,16.8,65.1,15,2.3
2020,4,8,6,45,0,42,42,18.2,62.5,15,2.4
2020,4,8,7,45,17,175,182,20.4,55.8,9,1.8
2020,4,8,8,45,64,356,397,22.5,45.9,321,1.0
2020,4,8,9,45,218,441,618,25.3,35.2,272,1.6
2020,4,8,10,45,574,335,843,27.2,32.3,281,2.2
2020,4,8,11,45,654,310,914,27.4,34.6,287,2.2
2020,4,8,12,45,339,463,768,27.6,33.5,278,2.7
2020,4,8,13,45,246,448,657,28.0,30.2,292,3.2
2020,4,8,14,45,135,411,505,26.8,34.7,323,2.4
2020,4,8,15,45,209,278,386,26.0,39.6,322,1.2
2020,4,8,16,45,126,160,200,26.6,39.8,270,0.9
2020,4,8,17,45,34,41,47,25.9,45.3,262,1.1
2020,4,8,18,45,0,0,0,25.8,43.1,295,1.0
2020,4,8,19,45,0,0,0,23.9,46.8,346,1.1
2020,4,8,20,45,0,0,0,21.0,57.6,10,1.1
2020,4,8,21,45,0,0,0,19.8,59.4,17,1.0
2020,4,8,22,45,0,0,0,19.0,60.1,18,1.0
2020,4,8,23,45,0,0,0,18.6,60.3,15,1.1
2020,4,9,0,45,0,0,0,17.6,64.2,16,1.3
2020,4,9,1,45,0,0,0,16.5,67.7,16,1.3
2020,4,9,2,45,0,0,0,15.2,71.4,14,1.4
2020,4,9,3,45,0,0,0,14.2,74.8,17,1.6
2020,4,9,4,45,0,0,0,14.8,72.5,20,1.4
2020,4,9,5,45,0,15,15,15.2,71.3,23,1.4
2020,4,9,6,45,85,124,151,17.5,68.8,27,1.4
2020,4,9,7,45,538,157,414,20.5,57.2,50,0.9
2020,4,9,8,45,792,143,659,21.0,48.1,139,0.6
2020,4,9,9,45,864,151,837,23.2,42.3,175,1.2
2020,4,9,10,45,902,154,955,25.8,36.5,181,1.9
2020,4,9,11,45,934,141,1006,26.1,35.4,190,2.4
2020,4,9,12,45,834,192,950,27.2,31.9,198,2.6
2020,4,9,13,45,865,158,875,28.2,28.5,207,2.7
2020,4,9,14,45,697,196,685,27.3,30.9,219,2.6
2020,4,9,15,45,437,209,448,26.4,34.3,228,2.4
2020,4,9,16,45,442,115,256,26.1,38.1,228,1.9
2020,4,9,17,45,134,37,58,26.7,38.0,239,1.2
2020,4,9,18,45,0,0,0,25.7,38.1,278,0.9
2020,4,9,19,45,0,0,0,22.8,44.6,328,0.9
2020,4,9,20,45,0,0,0,21.1,49.9,360,1.1
2020,4,9,21,45,0,0,0,19.3,56.2,11,1.1
2020,4,9,22,45,0,0,0,17.7,62.1,11,1.0
2020,4,9,23,45,0,0,0,17.2,64.1,11,1.0
2020,4,10,0,45,0,0,0,16.5,67.0,13,1.1
2020,4,10,1,45,0,0,0,16.0,70.6,15,1.2
2020,4,10,2,45,0,0,0,14.7,74.0,14,1.3
2020,4,10,3,45,0,0,0,13.5,75.5,16,1.4
2020,4,10,4,45,0,0,0,14.6,73.0,17,1.5
2020,4,10,5,45,0,15,15,15.8,70.5,18,1.6
2020,4,10,6,45,51,128,145,18.4,65.9,18,1.6
2020,4,10,7,45,371,199,379,21.3,53.9,11,1.0
2020,4,10,8,45,701,177,635,21.6,46.8,276,0.4
2020,4,10,9,45,766,197,808,23.9,42.0,229,1.1
2020,4,10,10,45,807,205,924,27.0,36.2,219,1.7
2020,4,10,11,45,848,189,977,27.4,35.6,216,2.2
2020,4,10,12,45,840,187,950,28.4,33.8,218,2.4
2020,4,10,13,45,679,244,812,28.4,34.0,220,2.3
2020,4,10,14,45,675,202,672,27.0,37.8,224,1.7
2020,4,10,15,45,521,183,463,26.8,39.3,246,1.4
2020,4,10,16,45,103,167,201,26.8,40.9,275,1.7
2020,4,10,17,45,86,40,54,26.8,45.2,333,1.2
2020,4,10,18,45,0,0,0,25.6,50.3,33,1.4
2020,4,10,19,45,0,0,0,23.4,55.2,35,1.6
2020,4,10,20,45,0,0,0,22.3,56.7,29,1.7
2020,4,10,21,45,0,0,0,20.3,61.8,31,1.9
2020,4,10,22,45,0,0,0,18.2,68.5,30,2.0
2020,4,10,23,45,0,0,0,18.0,70.5,23,1.9
2020,4,11,0,45,0,0,0,17.2,75.4,19,2.0
2020,4,11,1,45,0,0,0,16.4,79.5,21,2.2
2020,4,11,2,45,0,0,0,15.9,80.2,23,2.3
2020,4,11,3,45,0,0,0,15.9,78.9,23,2.2
2020,4,11,4,45,0,0,0,16.7,74.1,21,2.1
2020,4,11,5,45,0,15,15,17.4,69.4,21,2.1
2020,4,11,6,45,66,128,150,19.6,64.7,19,2.0
2020,4,11,7,45,444,181,396,21.8,57.6,10,1.3
2020,4,11,8,45,780,143,655,22.0,51.7,318,0.6
2020,4,11,9,45,843,155,829,24.8,41.9,251,1.0
2020,4,11,10,45,872,163,943,27.9,34.3,246,1.7
2020,4,11,11,45,895,158,991,28.4,33.7,248,2.3
2020,4,11,12,45,879,162,963,29.4,32.7,253,3.0
2020,4,11,13,45,846,161,866,30.4,31.8,258,3.3
2020,4,11,14,45,789,153,708,29.8,33.1,259,3.4
2020,4,11,15,45,691,135,502,29.4,33.6,259,3.5
2020,4,11,16,45,493,103,267,29.2,34.9,256,2.9
2020,4,11,17,45,133,39,60,29.0,36.4,254,1.9
2020,4,11,18,45,0,0,0,28.1,37.9,279,1.4
2020,4,11,19,45,0,0,0,25.8,43.7,323,1.3
2020,4,11,20,45,0,0,0,23.6,50.8,358,1.3
2020,4,11,21,45,0,0,0,21.8,56.1,14,1.1
2020,4,11,22,45,0,0,0,20.1,61.2,19,1.1
2020,4,11,23,45,0,0,0,19.2,65.2,19,1.2
2020,4,12,0,45,0,0,0,18.2,68.5,20,1.3
2020,4,12,1,45,0,0,0,17.5,70.4,22,1.3
2020,4,12,2,45,0,0,0,17.0,72.2,24,1.4
2020,4,12,3,45,0,0,0,16.7,73.8,27,1.5
2020,4,12,4,45,0,0,0,17.2,72.0,27,1.5
2020,4,12,5,45,3,21,21,17.9,69.8,28,1.6
2020,4,12,6,45,160,125,175,20.5,62.7,32,1.5
2020,4,12,7,45,629,131,437,23.7,53.3,74,1.0
2020,4,12,8,45,826,124,670,24.2,50.4,151,1.2
2020,4,12,9,45,881,134,842,25.7,45.7,176,1.6
2020,4,12,10,45,905,143,955,28.1,39.5,191,1.7
2020,4,12,11,45,914,146,1000,28.7,37.9,205,2.0
2020,4,12,12,45,903,148,972,29.8,36.0,216,2.3
2020,4,12,13,45,879,143,876,30.8,34.4,226,2.4
2020,4,12,14,45,812,140,714,29.8,36.5,232,2.5
2020,4,12,15,45,399,224,436,28.8,38.8,234,2.5
2020,4,12,16,45,206,156,226,28.5,40.5,233,2.1
2020,4,12,17,45,103,42,57,28.7,41.0,238,1.4
2020,4,12,18,45,0,0,0,27.4,43.9,258,0.8
2020,4,12,19,45,0,0,0,24.7,50.4,302,0.5
2020,4,12,20,45,0,0,0,23.3,55.2,348,0.5
2020,4,12,21,45,0,0,0,22.0,60.7,20,0.6
2020,4,12,22,45,0,0,0,20.8,65.1,32,0.7
2020,4,12,23,45,0,0,0,20.2,66.7,32,0.8
2020,4,13,0,45,0,0,0,19.5,69.2,31,0.9
2020,4,13,1,45,0,0,0,18.6,71.5,30,1.0
2020,4,13,2,45,0,0,0,18.0,74.5,24,1.3
2020,4,13,3,45,0,0,0,17.8,76.9,20,1.5
2020,4,13,4,45,0,0,0,18.5,76.1,20,1.5
2020,4,13,5,45,0,17,17,19.2,75.4,22,1.5
2020,4,13,6,45,58,130,150,21.6,70.6,22,1.3
2020,4,13,7,45,477,171,408,24.2,59.0,351,0.6
2020,4,13,8,45,794,135,662,24.4,52.6,228,0.8
2020,4,13,9,45,845,150,831,26.0,47.6,213,1.6
2020,4,13,10,45,869,160,942,28.6,41.6,205,2.1
2020,4,13,11,45,872,168,984,29.2,40.6,202,2.4
2020,4,13,12,45,851,175,953,29.9,38.8,206,2.5
2020,4,13,13,45,821,170,856,30.7,36.9,217,2.2
2020,4,13,14,45,768,157,700,29.2,42.2,235,1.5
2020,4,13,15,45,576,162,477,27.6,49.5,239,1.3
2020,4,13,16,45,214,149,227,27.6,53.5,232,1.1
2020,4,13,17,45,25,49,53,28.6,51.6,194,0.5
2020,4,13,18,45,0,0,0,28.8,49.7,121,0.4
2020,4,13,19,45,0,0,0,26.1,57.2,53,0.5
2020,4,13,20,45,0,0,0,23.9,62.9,18,0.8
2020,4,13,21,45,0,0,0,22.7,65.1,8,1.1
2020,4,13,22,45,0,0,0,21.5,68.7,15,1.3
2020,4,13,23,45,0,0,0,21.1,70.6,22,1.6
2020,4,14,0,45,0,0,0,20.0,75.6,24,1.8
2020,4,14,1,45,0,0,0,19.2,79.4,26,1.9
2020,4,14,2,45,0,0,0,19.2,79.4,30,2.1
2020,4,14,3,45,0,0,0,19.5,79.2,33,2.4
2020,4,14,4,45,0,0,0,20.3,76.3,29,2.4
2020,4,14,5,45,0,17,17,20.8,74.0,24,2.2
2020,4,14,6,45,54,127,144,21.8,70.3,24,2.1
2020,4,14,7,45,110,259,317,23.0,65.6,16,1.8
2020,4,14,8,45,358,300,540,23.3,62.4,354,1.3
2020,4,14,9,45,362,376,667,25.8,55.3,276,0.7
2020,4,14,10,45,241,482,698,28.4,49.4,217,1.3
2020,4,14,11,45,71,556,622,28.5,48.8,223,1.7
2020,4,14,12,45,0,465,465,28.8,48.8,231,1.7
2020,4,14,13,45,0,213,213,29.2,47.8,233,1.2
2020,4,14,14,45,0,154,154,28.0,49.2,324,0.5
2020,4,14,15,45,0,85,85,26.5,53.5,29,1.4
2020,4,14,16,45,0,28,28,26.4,55.4,19,1.5
2020,4,14,17,45,0,24,24,26.7,54.8,21,1.1
2020,4,14,18,45,0,0,0,25.9,57.1,38,1.1
2020,4,14,19,45,0,0,0,24.5,63.2,42,1.3
2020,4,14,20,45,0,0,0,23.7,68.0,37,1.8
2020,4,14,21,45,0,0,0,22.3,71.3,38,2.2
2020,4,14,22,45,0,0,0,20.9,74.7,36,2.4
2020,4,14,23,45,0,0,0,20.8,75.0,28,2.3
2020,4,15,0,45,0,0,0,20.4,75.4,24,2.1
2020,4,15,1,45,0,0,0,19.8,77.0,22,1.9
2020,4,15,2,45,0,0,0,18.6,82.2,17,1.7
2020,4,15,3,45,0,0,0,18.0,85.6,16,1.8
2020,4,15,4,45,0,0,0,18.7,82.2,19,2.0
2020,4,15,5,45,0,13,13,19.6,79.0,23,2.0
2020,4,15,6,45,0,104,104,21.2,76.7,26,1.9
2020,4,15,7,45,79,267,309,23.0,70.6,27,1.6
2020,4,15,8,45,324,316,535,23.6,61.9,29,1.0
2020,4,15,9,45,561,291,748,25.6,54.4,331,0.5
2020,4,15,10,45,611,308,858,28.1,48.3,264,1.1
2020,4,15,11,45,124,558,675,28.4,47.6,253,1.9
2020,4,15,12,45,0,470,470,28.8,47.1,250,2.4
2020,4,15,13,45,0,391,391,29.7,45.4,248,2.5
2020,4,15,14,45,13,393,401,28.4,51.4,272,2.3
2020,4,15,15,45,40,279,303,27.0,59.5,319,2.1
2020,4,15,16,45,143,150,191,27.4,62.5,5,1.4
2020,4,15,17,45,64,43,54,28.1,60.0,50,1.1
2020,4,15,18,45,0,0,0,27.1,61.5,41,1.3
2020,4,15,19,45,0,0,0,24.3,70.4,20,1.6
2020,4,15,20,45,0,0,0,22.6,75.5,18,1.7
2020,4,15,21,45,0,0,0,21.4,79.2,22,1.8
2020,4,15,22,45,0,0,0,20.4,81.6,21,1.9
2020,4,15,23,45,0,0,0,20.2,81.9,21,2.0
2020,4,16,0,45,0,0,0,19.4,83.6,21,2.0
2020,4,16,1,45,0,0,0,18.8,84.3,22,1.9
2020,4,16,2,45,0,0,0,18.7,80.6,21,1.8
2020,4,16,3,45,0,0,0,18.4,77.8,23,1.7
2020,4,16,4,45,0,0,0,18.7,76.1,27,1.6
2020,4,16,5,45,0,17,17,19.6,72.9,35,1.5
2020,4,16,6,45,24,134,143,21.6,70.5,45,1.3
2020,4,16,7,45,377,203,394,23.8,63.3,71,0.8
2020,4,16,8,45,664,193,640,24.2,56.8,159,0.6
2020,4,16,9,45,737,212,812,26.3,49.3,209,1.1
2020,4,16,10,45,772,223,923,28.8,41.7,229,1.7
2020,4,16,11,45,720,260,938,29.0,40.7,242,2.3
2020,4,16,12,45,558,335,852,29.6,39.9,250,2.7
2020,4,16,13,45,676,249,817,30.2,39.2,258,2.9
2020,4,16,14,45,603,230,662,29.8,42.1,264,3.0
2020,4,16,15,45,233,273,397,29.3,45.0,264,2.9
2020,4,16,16,45,244,145,229,29.4,45.8,261,2.5
2020,4,16,17,45,25,47,52,29.2,48.3,271,1.9
2020,4,16,18,45,0,0,0,27.8,52.0,304,1.4
2020,4,16,19,45,0,0,0,24.9,58.8,339,1.4
2020,4,16,20,45,0,0,0,23.2,64.8,358,1.3
2020,4,16,21,45,0,0,0,22.0,67.1,7,1.3
2020,4,16,22,45,0,0,0,20.7,70.3,11,1.5
2020,4,16,23,45,0,0,0,20.1,72.3,15,1.5
2020,4,17,0,45,0,0,0,19.1,74.5,16,1.5
2020,4,17,1,45,0,0,0,18.0,76.0,18,1.4
2020,4,17,2,45,0,0,0,17.8,77.2,23,1.5
2020,4,17,3,45,0,0,0,18.1,77.2,25,1.7
2020,4,17,4,45,0,0,0,18.7,74.6,25,1.5
2020,4,17,5,45,0,13,13,19.4,72.4,25,1.3
2020,4,17,6,45,0,100,100,21.9,68.8,18,1.1
2020,4,17,7,45,13,227,233,24.6,59.3,3,0.8
2020,4,17,8,45,136,319,417,25.4,52.4,331,0.5
2020,4,17,9,45,77,335,394,26.8,49.0,299,0.9
2020,4,17,10,45,0,335,335,27.9,45.4,289,1.4
2020,4,17,11,45,24,407,430,27.6,43.0,286,2.0
2020,4,17,12,45,390,431,790,28.6,37.2,286,2.7
2020,4,17,13,45,512,331,759,29.8,33.1,292,3.0
2020,4,17,14,45,695,194,689,29.5,34.1,291,2.5
2020,4,17,15,45,624,155,493,29.2,35.9,278,2.1
2020,4,17,16,45,293,137,247,29.2,36.9,270,1.9
2020,4,17,17,45,125,47,65,29.0,40.9,274,1.4
2020,4,17,18,45,0,0,0,28.2,41.7,302,1.3
2020,4,17,19,45,0,0,0,25.8,43.4,326,1.4
2020,4,17,20,45,0,0,0,23.8,47.7,333,1.6
2020,4,17,21,45,0,0,0,23.0,50.0,332,1.8
2020,4,17,22,45,0,0,0,22.2,53.5,333,2.0
2020,4,17,23,45,0,0,0,21.5,57.5,356,2.0
2020,4,18,0,45,0,0,0,20.0,62.8,22,2.1
2020,4,18,1,45,0,0,0,19.0,66.6,27,2.1
2020,4,18,2,45,0,0,0,18.8,69.2,21,2.4
2020,4,18,3,45,0,0,0,18.6,69.5,19,2.6
2020,4,18,4,45,0,0,0,19.1,68.9,19,2.5
2020,4,18,5,45,0,6,6,19.7,68.5,19,2.3
2020,4,18,6,45,47,117,133,20.8,66.6,19,2.2
2020,4,18,7,45,246,243,369,22.4,61.6,17,1.8
2020,4,18,8,45,415,291,573,23.3,55.0,18,1.1
2020,4,18,9,45,49,464,506,25.4,46.0,310,0.6
2020,4,18,10,45,375,426,769,27.8,39.9,254,1.4
2020,4,18,11,45,98,552,644,27.8,41.2,249,2.3
2020,4,18,12,45,425,408,798,28.6,37.9,248,2.7
2020,4,18,13,45,648,263,809,28.9,36.7,247,2.4
2020,4,18,14,45,716,187,700,27.4,42.7,250,1.7
2020,4,18,15,45,428,222,452,27.5,43.5,261,1.4
2020,4,18,16,45,432,116,266,27.8,45.5,292,1.4
2020,4,18,17,45,101,43,61,27.5,47.0,322,1.2
2020,4,18,18,45,0,0,0,26.4,48.0,354,1.1
2020,4,18,19,45,0,0,0,23.8,55.0,14,1.4
2020,4,18,20,45,0,0,0,21.7,62.0,14,1.6
2020,4,18,21,45,0,0,0,20.2,68.5,15,1.5
2020,4,18,22,45,0,0,0,19.3,72.3,17,1.4
2020,4,18,23,45,0,0,0,19.4,72.4,17,1.5
2020,4,19,0,45,0,0,0,18.8,74.2,18,1.8
2020,4,19,1,45,0,0,0,18.3,76.0,18,2.0
2020,4,19,2,45,0,0,0,18.0,78.0,16,2.1
2020,4,19,3,45,0,0,0,17.9,78.2,18,2.3
2020,4,19,4,45,0,0,0,18.8,73.9,20,2.3
2020,4,19,5,45,0,16,16,19.2,72.1,21,2.2
2020,4,19,6,45,0,84,84,20.5,68.1,21,2.1
2020,4,19,7,45,0,144,144,22.2,60.7,21,1.5
2020,4,19,8,45,0,188,188,22.5,55.2,16,0.5
2020,4,19,9,45,0,147,147,24.3,47.6,238,0.7
2020,4,19,10,45,0,184,184,26.7,41.4,248,1.6
2020,4,19,11,45,15,408,423,26.9,41.2,242,1.6
2020,4,19,12,45,247,504,733,26.8,41.9,232,1.2
2020,4,19,13,45,244,456,659,27.4,39.6,252,1.4
2020,4,19,14,45,580,246,661,27.0,42.1,290,1.7
2020,4,19,15,45,522,189,474,26.4,44.8,300,1.7
2020,4,19,16,45,357,127,253,26.8,43.6,283,1.5
2020,4,19,17,45,77,45,59,26.7,48.0,274,1.3
2020,4,19,18,45,0,0,0,25.4,54.5,287,1.3
2020,4,19,19,45,0,0,0,23.1,60.4,324,1.3
2020,4,19,20,45,0,0,0,22.1,62.9,358,1.3
2020,4,19,21,45,0,0,0,21.0,64.9,15,1.4
2020,4,19,22,45,0,0,0,19.5,69.4,21,1.4
2020,4,19,23,45,0,0,0,19.0,71.4,19,1.6
2020,4,20,0,45,0,0,0,18.4,75.3,18,1.9
2020,4,20,1,45,0,0,0,17.6,78.4,20,2.2
2020,4,20,2,45,0,0,0,16.9,79.3,20,2.2
2020,4,20,3,45,0,0,0,16.2,79.5,21,2.1
2020,4,20,4,45,0,0,0,16.8,74.6,21,2.2
2020,4,20,5,45,0,27,27,17.8,69.7,25,2.1
2020,4,20,6,45,143,139,189,20.4,63.8,30,1.7
2020,4,20,7,45,606,148,455,22.7,55.8,45,0.8
2020,4,20,8,45,547,248,614,22.9,51.4,158,0.5
2020,4,20,9,45,174,472,613,24.2,46.1,197,1.3
2020,4,20,10,45,0,525,525,26.4,40.7,206,2.1
2020,4,20,11,45,0,556,556,27.0,39.6,208,2.3
2020,4,20,12,45,4,525,529,27.0,40.0,215,1.9
2020,4,20,13,45,0,289,289,26.6,41.3,240,1.9
2020,4,20,14,45,0,111,111,25.2,43.5,245,1.6
2020,4,20,15,45,1,183,183,23.9,45.8,262,0.9
2020,4,20,16,45,0,150,150,24.0,47.8,312,1.0
2020,4,20,17,45,0,41,41,24.0,50.2,331,1.1
2020,4,20,18,45,0,0,0,23.3,52.9,335,0.8
2020,4,20,19,45,0,0,0,22.0,57.2,294,0.5
2020,4,20,20,45,0,0,0,20.7,62.2,298,0.6
2020,4,20,21,45,0,0,0,19.5,66.3,5,1.0
2020,4,20,22,45,0,0,0,18.0,71.7,27,1.6
2020,4,20,23,45,0,0,0,17.7,75.7,31,1.7
2020,4,21,0,45,0,0,0,17.6,77.9,28,1.7
2020,4,21,1,45,0,0,0,17.3,79.7,24,1.7
2020,4,21,2,45,0,0,0,16.5,85.2,28,1.6
2020,4,21,3,45,0,0,0,16.0,89.4,37,1.5
2020,4,21,4,45,0,0,0,16.8,85.8,38,1.6
2020,4,21,5,45,0,13,13,17.4,83.4,32,1.7
2020,4,21,6,45,0,95,95,18.8,77.7,25,1.5
2020,4,21,7,45,252,193,334,19.8,73.4,24,1.3
2020,4,21,8,45,713,174,664,19.2,74.9,33,0.8
2020,4,21,9,45,750,204,822,21.2,67.6,296,0.3
2020,4,21,10,45,685,268,895,24.0,56.6,238,1.1
2020,4,21,11,45,180,530,701,24.7,51.9,231,1.7
2020,4,21,12,45,0,342,342,25.4,48.2,226,1.9
2020,4,21,13,45,0,225,225,26.0,46.0,247,1.5
2020,4,21,14,45,0,164,164,24.1,52.2,300,1.3
2020,4,21,15,45,0,196,196,22.4,58.4,349,1.6
2020,4,21,16,45,55,169,184,22.7,60.4,17,1.6
2020,4,21,17,45,117,51,71,23.3,60.2,28,1.2
2020,4,21,18,45,0,0,0,22.7,62.9,28,1.2
2020,4,21,19,45,0,0,0,20.0,73.0,28,1.4
2020,4,21,20,45,0,0,0,18.4,80.3,27,1.3
2020,4,21,21,45,0,0,0,17.4,84.5,19,1.2
2020,4,21,22,45,0,0,0,16.6,87.1,13,1.3
2020,4,21,23,45,0,0,0,16.8,86.3,15,1.5
2020,4,22,0,45,0,0,0,16.3,87.7,19,1.7
2020,4,22,1,45,0,0,0,15.6,88.7,22,1.8
2020,4,22,2,45,0,0,0,15.0,89.0,23,1.8
2020,4,22,3,45,0,0,0,14.4,89.5,24,1.7
2020,4,22,4,45,0,0,0,15.1,85.1,29,1.7
2020,4,22,5,45,2,30,30,16.0,81.6,30,1.6
2020,4,22,6,45,162,141,198,18.2,74.9,34,1.2
2020,4,22,7,45,645,132,467,20.3,66.5,89,0.5
2020,4,22,8,45,814,130,691,20.4,64.1,182,0.7
2020,4,22,9,45,805,173,838,21.8,58.0,209,1.0
2020,4,22,10,45,428,396,786,23.8,51.2,220,1.4
2020,4,22,11,45,49,578,624,24.2,49.9,227,1.8
2020,4,22,12,45,160,522,672,25.1,47.8,237,2.0
2020,4,22,13,45,0,349,349,25.9,45.9,249,2.1
2020,4,22,14,45,0,249,249,25.4,48.8,252,1.9
2020,4,22,15,45,102,275,323,25.0,52.0,253,1.6
2020,4,22,16,45,317,144,253,24.9,53.6,264,1.4
2020,4,22,17,45,162,48,75,24.9,55.7,278,1.1
2020,4,22,18,45,0,0,0,23.8,59.4,310,0.9
2020,4,22,19,45,0,0,0,21.3,66.5,348,1.0
2020,4,22,20,45,0,0,0,19.7,71.9,16,0.9
2020,4,22,21,45,0,0,0,18.4,76.6,24,0.9
2020,4,22,22,45,0,0,0,17.4,81.2,19,0.9
2020,4,22,23,45,0,0,0,17.4,81.8,20,1.0
2020,4,23,0,45,0,0,0,17.0,83.1,22,1.1
2020,4,23,1,45,0,0,0,16.3,84.3,22,1.1
2020,4,23,2,45,0,0,0,16.1,86.0,23,1.3
2020,4,23,3,45,0,0,0,16.2,87.7,27,1.5
2020,4,23,4,45,0,0,0,17.8,83.4,29,1.4
2020,4,23,5,45,0,16,16,19.6,79.2,31,1.3
2020,4,23,6,45,0,96,96,20.8,77.4,33,1.0
2020,4,23,7,45,1,243,243,21.7,70.3,121,0.5
2020,4,23,8,45,547,238,621,21.7,65.3,189,1.0
2020,4,23,9,45,578,286,767,23.2,61.2,197,1.2
2020,4,23,10,45,359,434,763,25.5,54.3,212,1.6
2020,4,23,11,45,379,449,811,25.1,54.2,223,2.0
2020,4,23,12,45,319,467,765,25.0,55.4,235,2.0
2020,4,23,13,45,487,344,757,26.1,52.1,259,1.8
2020,4,23,14,45,84,393,458,24.9,54.2,288,1.3
2020,4,23,15,45,0,178,178,23.4,58.9,287,1.2
2020,4,23,16,45,0,71,71,23.8,59.2,287,1.4
2020,4,23,17,45,1,52,53,24.6,56.9,333,1.3
2020,4,23,18,45,0,0,0,24.4,58.8,15,1.4
2020,4,23,19,45,0,0,0,21.2,70.6,27,1.3
2020,4,23,20,45,0,0,0,19.0,78.4,24,1.5
2020,4,23,21,45,0,0,0,18.8,78.3,21,1.5
2020,4,23,22,45,0,0,0,18.0,81.8,19,1.5
2020,4,23,23,45,0,0,0,17.6,85.3,18,1.6
2020,4,24,0,45,0,0,0,17.0,87.2,17,1.7
2020,4,24,1,45,0,0,0,16.6,86.9,21,1.8
2020,4,24,2,45,0,0,0,16.2,86.8,27,1.7
2020,4,24,3,45,0,0,0,15.5,88.5,24,1.7
2020,4,24,4,45,0,0,0,15.6,85.7,22,1.7
2020,4,24,5,45,1,22,22,16.2,82.9,24,1.8
2020,4,24,6,45,14,150,155,18.8,74.8,26,1.5
2020,4,24,7,45,352,221,411,21.5,62.8,52,0.7
2020,4,24,8,45,680,194,667,21.7,57.9,156,0.5
2020,4,24,9,45,725,224,828,22.6,55.0,210,1.1
2020,4,24,10,45,752,239,933,25.5,47.7,230,1.6
2020,4,24,11,45,717,265,951,27.5,43.7,235,2.1
2020,4,24,12,45,546,345,857,28.0,43.2,235,2.4
2020,4,24,13,45,720,226,840,27.7,45.4,239,2.4
2020,4,24,14,45,665,206,686,26.9,50.0,246,2.2
2020,4,24,15,45,660,145,509,26.6,52.7,253,1.9
2020,4,24,16,45,532,101,289,26.2,56.8,275,1.5
2020,4,24,17,45,177,45,77,26.7,56.4,312,1.1
2020,4,24,18,45,0,0,0,25.9,58.2,349,1.0
2020,4,24,19,45,0,0,0,22.8,69.5,13,1.1
2020,4,24,20,45,0,0,0,21.1,75.3,18,1.0
2020,4,24,21,45,0,0,0,20.5,76.4,18,0.9
2020,4,24,22,45,0,0,0,19.6,79.7,20,1.0
2020,4,24,23,45,0,0,0,19.2,82.2,23,1.1
2020,4,25,0,45,0,0,0,18.6,84.8,26,1.4
2020,4,25,1,45,0,0,0,18.0,85.9,27,1.6
2020,4,25,2,45,0,0,0,17.7,86.7,27,1.7
2020,4,25,3,45,0,0,0,17.4,87.8,32,1.9
2020,4,25,4,45,0,0,0,17.8,85.6,34,1.8
2020,4,25,5,45,0,19,19,18.2,83.7,27,1.6
2020,4,25,6,45,0,135,135,20.3,77.2,22,1.1
2020,4,25,7,45,12,274,281,21.8,71.6,208,0.5
2020,4,25,8,45,133,395,483,21.2,74.1,202,1.5
2020,4,25,9,45,7,474,480,22.6,71.2,209,1.7
2020,4,25,10,45,13,570,583,24.6,65.7,218,1.4
2020,4,25,11,45,54,595,646,24.7,66.1,216,1.0
2020,4,25,12,45,13,577,590,25.2,64.2,196,0.9
2020,4,25,13,45,19,524,540,25.8,61.5,188,1.4
2020,4,25,14,45,0,367,367,26.3,59.2,199,1.6
2020,4,25,15,45,4,230,232,25.8,61.4,236,1.3
2020,4,25,16,45,63,174,195,24.7,66.7,299,0.8
2020,4,25,17,45,19,50,54,24.9,65.5,15,0.7
2020,4,25,18,45,0,0,0,24.4,67.6,32,0.9
2020,4,25,19,45,0,0,0,22.4,73.9,28,1.1
2020,4,25,20,45,0,0,0,21.1,77.7,33,1.3
2020,4,25,21,45,0,0,0,20.6,80.9,36,1.5
2020,4,25,22,45,0,0,0,19.8,84.2,31,1.6
2020,4,25,23,45,0,0,0,19.2,85.2,29,1.4
2020,4,26,0,45,0,0,0,18.4,87.6,33,1.3
2020,4,26,1,45,0,0,0,17.8,88.9,33,1.2
2020,4,26,2,45,0,0,0,17.2,91.2,32,1.3
2020,4,26,3,45,0,0,0,16.9,93.5,32,1.2
2020,4,26,4,45,0,0,0,17.5,91.8,15,1.2
2020,4,26,5,45,0,9,9,18.2,90.4,4,1.4
2020,4,26,6,45,0,7,7,19.4,88.5,13,1.0
2020,4,26,7,45,0,114,114,20.2,87.2,44,0.9
2020,4,26,8,45,0,296,296,19.7,87.4,59,1.2
2020,4,26,9,45,0,396,396,20.3,85.3,88,1.0
2020,4,26,10,45,0,500,500,20.3,85.0,145,1.5
2020,4,26,11,45,0,526,526,19.5,87.7,161,2.2
2020,4,26,12,45,0,364,364,19.2,84.7,146,1.4
2020,4,26,13,45,0,296,296,19.3,78.2,82,0.9
2020,4,26,14,45,0,180,180,20.0,76.5,36,1.1
2020,4,26,15,45,0,114,114,20.8,75.7,17,0.9
2020,4,26,16,45,0,74,74,21.2,76.7,42,0.4
2020,4,26,17,45,0,32,32,19.8,83.1,100,0.5
2020,4,26,18,45,0,0,0,17.6,88.9,107,0.9
2020,4,26,19,45,0,0,0,16.6,92.3,93,1.1
2020,4,26,20,45,0,0,0,16.1,93.2,69,1.0
2020,4,26,21,45,0,0,0,15.4,95.3,54,0.9
2020,4,26,22,45,0,0,0,14.8,97.5,45,0.8
2020,4,26,23,45,0,0,0,14.6,97.8,42,0.8
2020,4,27,0,45,0,0,0,14.6,97.4,45,0.9
2020,4,27,1,45,0,0,0,14.9,96.5,53,1.1
2020,4,27,2,45,0,0,0,15.4,97.5,47,1.4
2020,4,27,3,45,0,0,0,15.8,99.0,29,1.7
2020,4,27,4,45,0,0,0,16.2,96.3,31,1.8
2020,4,27,5,45,0,6,6,16.6,94.4,33,1.6
2020,4,27,6,45,0,9,9,17.4,93.6,26,1.2
2020,4,27,7,45,0,13,13,18.6,91.0,28,0.7
2020,4,27,8,45,0,23,23,18.8,89.9,127,0.5
2020,4,27,9,45,0,43,43,19.2,86.0,158,1.2
2020,4,27,10,45,0,65,65,19.7,82.0,155,1.2
2020,4,27,11,45,0,83,83,19.3,83.6,151,0.9
2020,4,27,12,45,0,137,137,19.8,80.6,151,0.9
2020,4,27,13,45,0,157,157,21.3,71.6,143,1.0
2020,4,27,14,45,0,191,191,20.7,74.3,139,1.1
2020,4,27,15,45,0,210,210,19.2,83.6,109,1.0
2020,4,27,16,45,197,165,228,19.2,85.7,64,0.8
2020,4,27,17,45,154,49,78,19.7,84.7,23,0.7
2020,4,27,18,45,0,0,0,19.7,85.5,8,1.0
2020,4,27,19,45,0,0,0,18.6,89.0,15,1.2
2020,4,27,20,45,0,0,0,17.4,90.6,18,1.2
2020,4,27,21,45,0,0,0,16.8,91.5,23,1.1
2020,4,27,22,45,0,0,0,16.2,92.9,24,1.3
2020,4,27,23,45,0,0,0,15.9,93.5,21,1.3
2020,4,28,0,45,0,0,0,15.4,94.4,21,1.2
2020,4,28,1,45,0,0,0,15.4,93.5,25,1.3
2020,4,28,2,45,0,0,0,15.3,92.3,23,1.6
2020,4,28,3,45,0,0,0,15.2,91.7,23,1.9
2020,4,28,4,45,0,0,0,15.8,87.9,23,2.0
2020,4,28,5,45,0,10,10,16.6,86.3,21,2.0
2020,4,28,6,45,0,74,74,18.4,83.3,19,1.9
2020,4,28,7,45,0,216,216,20.1,75.8,12,1.4
2020,4,28,8,45,29,414,435,20.5,71.6,359,0.9
2020,4,28,9,45,377,374,696,22.5,65.7,265,0.4
2020,4,28,10,45,727,238,914,24.6,58.6,214,1.3
2020,4,28,11,45,443,406,832,24.4,58.8,214,2.0
2020,4,28,12,45,318,455,754,24.3,60.4,217,1.8
2020,4,28,13,45,173,469,619,25.0,59.6,223,1.2
2020,4,28,14,45,21,391,407,24.6,59.5,223,1.0
2020,4,28,15,45,135,287,367,24.0,59.2,236,1.5
2020,4,28,16,45,211,158,223,24.1,60.8,249,1.4
2020,4,28,17,45,78,57,73,24.4,60.3,245,1.1
2020,4,28,18,45,0,0,0,24.5,59.9,248,0.7
2020,4,28,19,45,0,0,0,22.8,68.2,163,0.2
2020,4,28,20,45,0,0,0,21.0,76.2,87,0.7
2020,4,28,21,45,0,0,0,19.5,80.8,75,1.0
2020,4,28,22,45,0,0,0,18.5,84.0,72,1.1
2020,4,28,23,45,0,0,0,18.5,84.0,67,1.0
2020,4,29,0,45,0,0,0,18.1,86.2,59,0.9
2020,4,29,1,45,0,0,0,17.8,88.1,45,0.8
2020,4,29,2,45,0,0,0,17.8,88.4,40,0.9
2020,4,29,3,45,0,0,0,17.8,88.4,38,0.9
2020,4,29,4,45,0,0,0,18.3,87.0,34,0.9
2020,4,29,5,45,0,15,15,18.8,87.3,43,1.1
2020,4,29,6,45,0,17,17,19.4,85.8,65,0.9
2020,4,29,7,45,0,33,33,19.9,84.5,120,0.9
2020,4,29,8,45,0,190,190,19.6,86.0,161,1.1
2020,4,29,9,45,0,328,328,21.0,82.2,190,1.4
2020,4,29,10,45,0,412,412,22.7,77.4,204,1.8
2020,4,29,11,45,0,355,355,22.9,77.2,209,2.1
2020,4,29,12,45,0,333,333,23.5,75.9,214,1.8
2020,4,29,13,45,0,324,324,24.4,71.7,236,1.2
2020,4,29,14,45,0,274,274,23.6,74.8,243,0.7
2020,4,29,15,45,58,292,320,22.9,78.9,218,0.3
2020,4,29,16,45,43,176,194,23.0,78.7,236,0.3
2020,4,29,17,45,0,43,43,23.2,79.2,297,0.4
2020,4,29,18,45,0,0,0,22.8,80.4,347,0.7
2020,4,29,19,45,0,0,0,21.0,87.3,6,0.9
2020,4,29,20,45,0,0,0,20.0,91.9,14,0.8
2020,4,29,21,45,0,0,0,19.4,93.1,21,0.7
2020,4,29,22,45,0,0,0,19.0,94.2,28,0.7
2020,4,29,23,45,0,0,0,19.0,93.3,29,0.9
2020,4,30,0,45,0,0,0,18.3,94.8,30,1.1
2020,4,30,1,45,0,0,0,17.7,95.7,29,1.3
2020,4,30,2,45,0,0,0,17.8,95.1,26,1.3
2020,4,30,3,45,0,0,0,17.8,95.1,26,1.4
2020,4,30,4,45,0,0,0,18.4,92.4,27,1.5
2020,4,30,5,45,0,16,16,19.0,90.7,27,1.4
2020,4,30,6,45,0,71,71,20.2,87.2,39,1.2
2020,4,30,7,45,0,138,138,21.2,81.0,89,0.9
2020,4,30,8,45,14,414,425,20.8,79.6,148,1.3
2020,4,30,9,45,0,395,395,22.0,76.2,178,1.8
2020,4,30,10,45,0,348,348,23.9,70.9,196,2.0
2020,4,30,11,45,0,355,355,24.4,69.9,207,2.0
2020,4,30,12,45,0,264,264,25.3,67.7,214,1.6
2020,4,30,13,45,0,251,251,25.7,66.3,226,1.1
2020,4,30,14,45,0,203,203,23.8,75.6,273,0.4
2020,4,30,15,45,0,131,131,22.8,85.0,355,0.6
2020,4,30,16,45,0,122,122,23.3,83.0,350,0.8
2020,4,30,17,45,0,39,39,23.5,81.7,339,0.9
2020,4,30,18,45,0,0,0,23.1,83.2,357,1.2
2020,4,30,19,45,0,0,0,21.9,85.7,31,1.6
2020,4,30,20,45,0,0,0,20.7,87.8,27,1.5
2020,4,30,21,45,0,0,0,19.8,90.8,24,1.5
2020,4,30,22,45,0,0,0,19.0,93.3,28,1.6
2020,4,30,23,45,0,0,0,18.8,92.5,27,1.6
2020,5,1,0,45,0,0,0,18.2,91.5,23,1.5
2020,5,1,1,45,0,0,0,17.4,90.6,25,1.4
2020,5,1,2,45,0,0,0,16.3,94.8,23,1.3
2020,5,1,3,45,0,0,0,15.5,98.7,21,1.1
2020,5,1,4,45,0,0,0,15.6,95.9,44,0.8
2020,5,1,5,45,0,2,2,16.0,93.8,82,0.7
2020,5,1,6,45,0,10,10,17.4,90.9,105,1.1
2020,5,1,7,45,0,25,25,18.5,87.6,114,1.6
2020,5,1,8,45,0,72,72,19.1,83.6,118,1.8
2020,5,1,9,45,0,146,146,20.8,77.2,133,1.7
2020,5,1,10,45,0,213,213,21.4,76.5,155,1.7
2020,5,1,11,45,0,216,216,19.5,83.1,160,1.8
2020,5,1,12,45,0,308,308,19.6,83.7,149,1.6
2020,5,1,13,45,0,325,325,21.9,76.1,155,1.1
2020,5,1,14,45,0,347,347,21.8,79.4,207,0.5
2020,5,1,15,45,0,269,269,21.0,85.4,180,0.2
2020,5,1,16,45,0,145,145,21.5,84.6,127,0.6
2020,5,1,17,45,27,60,64,21.6,86.0,176,0.8
2020,5,1,18,45,0,1,1,21.7,86.5,222,0.7
2020,5,1,19,45,0,0,0,20.6,91.2,346,0.4
2020,5,1,20,45,0,0,0,19.5,95.7,47,0.9
2020,5,1,21,45,0,0,0,19.0,95.4,47,1.2
2020,5,1,22,45,0,0,0,18.6,94.8,46,1.4
2020,5,1,23,45,0,0,0,18.8,93.0,45,1.6
2020,5,2,0,45,0,0,0,18.3,93.0,42,1.6
2020,5,2,1,45,0,0,0,17.7,93.6,41,1.5
2020,5,2,2,45,0,0,0,17.0,93.5,35,1.3
2020,5,2,3,45,0,0,0,16.6,93.8,30,1.1
2020,5,2,4,45,0,0,0,17.2,91.5,28,1.0
2020,5,2,5,45,0,14,14,17.8,89.2,29,0.9
2020,5,2,6,45,0,135,135,19.5,85.0,78,0.6
2020,5,2,7,45,31,307,323,21.0,82.0,148,1.1
2020,5,2,8,45,106,408,486,20.9,83.0,146,1.6
2020,5,2,9,45,27,523,545,22.2,76.5,142,1.8
2020,5,2,10,45,101,554,650,23.8,69.6,145,1.8
2020,5,2,11,45,142,564,701,24.1,68.3,151,1.9
2020,5,2,12,45,302,477,762,24.8,65.9,162,1.7
2020,5,2,13,45,256,450,671,25.2,63.0,176,1.6
2020,5,2,14,45,23,426,443,25.3,63.8,188,1.4
2020,5,2,15,45,139,299,370,25.4,66.5,189,0.9
2020,5,2,16,45,276,151,253,25.2,69.0,187,0.5
2020,5,2,17,45,91,58,76,25.5,69.7,225,0.4
2020,5,2,18,45,0,0,0,25.6,68.8,301,0.3
2020,5,2,19,45,0,0,0,23.8,73.9,346,0.6
2020,5,2,20,45,0,0,0,21.6,81.5,350,0.9
2020,5,2,21,45,0,0,0,20.5,86.1,7,0.9
2020,5,2,22,45,0,0,0,20.0,88.0,25,0.7
2020,5,2,23,45,0,0,0,19.8,88.0,32,0.8
2020,5,3,0,45,0,0,0,19.2,91.3,37,1.1
2020,5,3,1,45,0,0,0,18.8,92.8,38,1.1
2020,5,3,2,45,0,0,0,18.3,93.3,31,1.2
2020,5,3,3,45,0,0,0,17.7,95.7,25,1.2
2020,5,3,4,45,0,0,0,18.3,94.5,23,1.1
2020,5,3,5,45,0,18,18,19.2,92.5,18,1.1
2020,5,3,6,45,0,73,73,21.2,84.7,10,0.8
2020,5,3,7,45,0,240,240,22.8,77.7,0,0.2
2020,5,3,8,45,59,404,446,22.6,78.1,191,0.7
2020,5,3,9,45,38,506,539,23.6,74.5,189,1.4
2020,5,3,10,45,7,471,477,24.7,69.9,185,1.6
2020,5,3,11,45,0,506,506,24.7,68.9,196,1.5
2020,5,3,12,45,31,580,610,26.0,64.6,211,1.3
2020,5,3,13,45,26,441,464,27.2,61.1,220,1.1
2020,5,3,14,45,208,372,519,26.4,65.3,235,0.9
2020,5,3,15,45,123,305,377,25.2,70.7,234,0.9
2020,5,3,16,45,22,171,180,25.1,72.0,213,1.2
2020,5,3,17,45,22,65,70,25.3,71.4,209,1.3
2020,5,3,18,45,0,1,1,25.0,72.2,224,1.1
2020,5,3,19,45,0,0,0,22.0,82.3,254,0.6
2020,5,3,20,45,0,0,0,19.6,91.3,332,0.4
2020,5,3,21,45,0,0,0,19.3,91.9,349,0.8
2020,5,3,22,45,0,0,0,19.2,91.3,11,1.0
2020,5,3,23,45,0,0,0,18.8,92.5,25,1.3
2020,5,4,0,45,0,0,0,18.0,95.4,14,1.6
2020,5,4,1,45,0,0,0,17.8,95.4,22,1.8
2020,5,4,2,45,0,0,0,17.4,94.2,33,1.9
2020,5,4,3,45,0,0,0,17.1,93.2,32,1.8
2020,5,4,4,45,0,0,0,17.8,90.7,25,1.5
2020,5,4,5,45,0,10,10,18.5,89.6,22,1.5
2020,5,4,6,45,0,25,25,19.5,88.2,27,1.1
2020,5,4,7,45,0,66,66,20.5,82.9,50,0.4
2020,5,4,8,45,281,302,512,20.2,81.6,169,0.4
2020,5,4,9,45,242,435,642,21.1,77.3,182,1.2
2020,5,4,10,45,746,229,928,22.5,71.8,190,1.8
2020,5,4,11,45,325,461,776,22.7,72.7,185,1.5
2020,5,4,12,45,9,541,550,24.2,69.7,174,0.9
2020,5,4,13,45,95,454,534,25.6,66.1,198,0.6
2020,5,4,14,45,19,400,415,26.0,60.5,249,0.6
2020,5,4,15,45,9,309,314,26.2,56.8,264,1.0
2020,5,4,16,45,397,139,278,26.0,60.1,249,1.1
2020,5,4,17,45,217,52,94,25.9,64.3,233,1.3
2020,5,4,18,45,0,1,1,25.5,65.7,224,0.9
2020,5,4,19,45,0,0,0,24.4,68.9,237,0.5
2020,5,4,20,45,0,0,0,22.5,77.9,320,0.5
2020,5,4,21,45,0,0,0,21.2,83.5,356,0.8
2020,5,4,22,45,0,0,0,20.8,83.8,6,0.9
2020,5,4,23,45,0,0,0,20.8,83.0,18,1.3
2020,5,5,0,45,0,0,0,19.9,86.1,22,1.6
2020,5,5,1,45,0,0,0,19.0,89.6,24,1.5
2020,5,5,2,45,0,0,0,18.1,91.8,21,1.4
2020,5,5,3,45,0,0,0,17.2,93.3,19,1.4
2020,5,5,4,45,0,0,0,18.0,90.1,23,1.4
2020,5,5,5,45,0,13,13,18.7,88.2,22,1.5
2020,5,5,6,45,1,137,138,20.2,84.0,18,1.3
2020,5,5,7,45,51,306,333,21.7,77.8,11,0.7
2020,5,5,8,45,0,208,208,21.8,75.1,44,0.2
2020,5,5,9,45,0,86,86,23.0,70.3,189,0.5
2020,5,5,10,45,0,76,76,22.7,68.7,209,1.5
2020,5,5,11,45,0,251,251,21.5,72.0,190,2.2
2020,5,5,12,45,10,406,415,21.6,73.0,165,1.5
2020,5,5,13,45,406,373,717,22.1,71.5,48,0.5
2020,5,5,14,45,777,147,722,21.4,73.9,344,0.9
2020,5,5,15,45,98,239,302,20.8,75.0,323,0.8
2020,5,5,16,45,0,67,67,21.1,74.3,302,0.7
2020,5,5,17,45,0,52,52,20.6,78.1,287,0.5
2020,5,5,18,45,0,0,0,19.8,82.3,281,0.3
2020,5,5,19,45,0,0,0,19.5,82.3,339,0.4
2020,5,5,20,45,0,0,0,19.0,82.2,16,0.7
2020,5,5,21,45,0,0,0,18.1,86.7,25,0.8
2020,5,5,22,45,0,0,0,17.6,87.5,18,0.8
2020,5,5,23,45,0,0,0,17.6,86.4,23,0.8
2020,5,6,0,45,0,0,0,17.0,88.9,25,0.9
2020,5,6,1,45,0,0,0,16.2,91.7,22,1.1
2020,5,6,2,45,0,0,0,15.4,94.7,23,1.1
2020,5,6,3,45,0,0,0,14.7,97.8,26,1.3
2020,5,6,4,45,0,0,0,15.2,94.1,27,1.3
2020,5,6,5,45,0,25,25,16.2,90.0,29,1.3
2020,5,6,6,45,89,151,187,18.8,81.1,56,0.8
2020,5,6,7,45,423,211,445,21.0,72.6,152,0.7
2020,5,6,8,45,378,325,590,20.6,73.3,186,1.3
2020,5,6,9,45,548,313,785,22.4,68.5,199,1.7
2020,5,6,10,45,693,273,925,24.6,61.7,210,2.0
2020,5,6,11,45,801,210,990,24.4,62.8,222,1.8
2020,5,6,12,45,504,367,845,24.6,63.8,222,1.2
2020,5,6,13,45,566,299,793,24.5,66.1,228,0.9
2020,5,6,14,45,357,330,598,24.2,68.8,242,1.6
2020,5,6,15,45,498,203,477,23.6,71.1,275,1.7
2020,5,6,16,45,531,107,305,22.3,74.5,351,1.7
2020,5,6,17,45,224,53,96,22.4,74.3,28,1.8
2020,5,6,18,45,0,1,1,21.9,76.4,20,1.4
2020,5,6,19,45,0,0,0,20.2,80.6,10,1.5
2020,5,6,20,45,0,0,0,19.1,83.0,16,1.6
2020,5,6,21,45,0,0,0,18.3,84.8,21,1.7
2020,5,6,22,45,0,0,0,17.9,85.9,21,1.7
2020,5,6,23,45,0,0,0,18.0,84.8,21,1.7
2020,5,7,0,45,0,0,0,17.6,84.5,21,1.7
2020,5,7,1,45,0,0,0,16.8,85.2,22,1.6
2020,5,7,2,45,0,0,0,15.9,87.1,21,1.7
2020,5,7,3,45,0,0,0,15.3,88.7,20,1.9
2020,5,7,4,45,0,0,0,15.6,86.5,23,2.1
2020,5,7,5,45,0,3,3,15.9,85.4,24,2.1
2020,5,7,6,45,0,19,19,16.5,83.3,23,1.6
2020,5,7,7,45,249,191,339,18.0,74.8,30,0.9
2020,5,7,8,45,587,240,666,18.9,68.8,154,0.3
2020,5,7,9,45,721,230,848,20.0,64.7,216,1.0
2020,5,7,10,45,795,214,963,21.8,59.6,217,1.6
2020,5,7,11,45,897,149,1023,22.2,57.1,215,2.1
2020,5,7,12,45,879,150,985,22.4,59.0,239,1.9
2020,5,7,13,45,734,212,850,23.7,59.5,292,1.3
2020,5,7,14,45,605,228,678,23.3,60.8,306,0.7
2020,5,7,15,45,195,292,396,22.6,64.0,300,0.4
2020,5,7,16,45,248,141,243,22.9,65.5,360,1.0
2020,5,7,17,45,0,35,35,22.9,67.2,20,1.3
2020,5,7,18,45,0,1,1,22.0,70.8,29,1.3
2020,5,7,19,45,0,0,0,19.8,77.3,25,1.4
2020,5,7,20,45,0,0,0,18.4,81.6,21,1.6
2020,5,7,21,45,0,0,0,17.6,87.0,18,1.6
2020,5,7,22,45,0,0,0,16.8,91.5,18,1.7
2020,5,7,23,45,0,0,0,16.6,91.7,17,1.8
2020,5,8,0,45,0,0,0,16.2,91.7,16,1.8
2020,5,8,1,45,0,0,0,15.8,91.4,16,1.8
2020,5,8,2,45,0,0,0,15.3,90.8,18,1.7
2020,5,8,3,45,0,0,0,14.7,90.7,20,1.6
2020,5,8,4,45,0,0,0,15.2,87.3,18,1.6
2020,5,8,5,45,301,40,89,16.0,85.1,20,1.6
2020,5,8,6,45,655,77,305,19.0,78.0,22,1.3
2020,5,8,7,45,798,96,534,21.9,66.4,35,0.5
2020,5,8,8,45,867,110,736,22.1,61.9,191,0.4
2020,5,8,9,45,897,124,892,23.7,57.1,213,1.2
2020,5,8,10,45,744,230,931,25.7,51.3,222,1.7
2020,5,8,11,45,665,283,932,26.2,49.5,231,2.1
2020,5,8,12,45,451,392,820,27.2,49.1,239,2.3
2020,5,8,13,45,561,300,788,28.0,49.2,247,2.4
2020,5,8,14,45,524,268,651,27.5,50.3,243,2.1
2020,5,8,15,45,707,131,538,27.0,52.0,241,2.0
2020,5,8,16,45,592,97,319,26.6,55.7,246,2.0
2020,5,8,17,45,221,55,100,26.7,60.4,249,1.5
2020,5,8,18,45,0,2,2,26.0,65.0,267,0.8
2020,5,8,19,45,0,0,0,23.7,69.8,359,0.5
2020,5,8,20,45,0,0,0,22.0,73.8,27,0.9
2020,5,8,21,45,0,0,0,21.2,78.7,25,0.8
2020,5,8,22,45,0,0,0,20.2,83.7,22,0.9
2020,5,8,23,45,0,0,0,19.8,85.8,25,1.2
2020,5,9,0,45,0,0,0,19.0,87.1,29,1.3
2020,5,9,1,45,0,0,0,18.2,87.8,29,1.3
2020,5,9,2,45,0,0,0,17.8,89.5,32,1.2
2020,5,9,3,45,0,0,0,17.5,90.9,33,1.2
2020,5,9,4,45,0,0,0,18.2,87.3,32,1.1
2020,5,9,5,45,0,49,49,19.1,83.6,40,1.2
2020,5,9,6,45,430,112,272,21.6,75.0,79,1.0
2020,5,9,7,45,680,133,506,23.5,68.0,137,1.4
2020,5,9,8,45,546,247,643,23.1,69.0,153,1.8
2020,5,9,9,45,490,332,751,24.3,65.7,162,1.8
2020,5,9,10,45,368,432,778,26.0,61.6,166,1.5
2020,5,9,11,45,207,533,735,25.8,62.5,173,1.3
2020,5,9,12,45,370,438,791,26.4,62.4,190,1.5
2020,5,9,13,45,360,403,715,27.6,61.0,211,1.4
2020,5,9,14,45,51,341,382,26.8,63.7,252,0.6
2020,5,9,15,45,283,266,432,25.2,69.2,29,0.8
2020,5,9,16,45,40,168,186,24.9,71.5,45,1.3
2020,5,9,17,45,0,40,40,25.6,71.4,50,1.2
2020,5,9,18,45,0,0,0,25.0,73.6,22,1.1
2020,5,9,19,45,0,0,0,23.0,80.2,353,1.2
2020,5,9,20,45,0,0,0,21.8,84.9,357,1.0
2020,5,9,21,45,0,0,0,21.0,88.4,27,1.4
2020,5,9,22,45,0,0,0,20.2,91.7,32,1.7
2020,5,9,23,45,0,0,0,20.1,90.8,25,1.5
2020,5,10,0,45,0,0,0,19.5,89.9,27,1.6
2020,5,10,1,45,0,0,0,19.0,89.6,26,1.6
2020,5,10,2,45,0,0,0,19.0,86.5,25,1.4
2020,5,10,3,45,0,0,0,19.0,84.1,27,1.3
2020,5,10,4,45,0,0,0,19.3,83.3,28,1.4
2020,5,10,5,45,2,31,31,19.6,83.9,28,1.4
2020,5,10,6,45,123,119,169,20.8,82.5,31,1.3
2020,5,10,7,45,450,205,454,21.7,78.5,76,0.8
2020,5,10,8,45,360,324,590,21.5,76.0,142,1.2
2020,5,10,9,45,463,352,750,23.5,70.0,161,1.7
2020,5,10,10,45,240,505,731,25.8,63.9,170,2.0
2020,5,10,11,45,50,600,648,26.1,62.6,167,1.6
2020,5,10,12,45,85,555,637,25.9,62.3,142,0.7
2020,5,10,13,45,0,369,369,24.2,65.7,175,0.3
2020,5,10,14,45,0,67,67,22.2,71.7,295,0.8
2020,5,10,15,45,0,44,44,21.9,73.7,291,1.2
2020,5,10,16,45,0,44,44,22.2,74.3,242,0.6
2020,5,10,17,45,0,28,28,22.5,75.0,78,0.6
2020,5,10,18,45,0,0,0,21.3,79.5,56,1.2
2020,5,10,19,45,0,0,0,19.6,82.8,37,1.1
2020,5,10,20,45,0,0,0,17.9,85.1,26,0.8
2020,5,10,21,45,0,0,0,16.5,90.3,19,0.6
2020,5,10,22,45,0,0,0,16.4,90.8,18,0.8
2020,5,10,23,45,0,0,0,16.7,88.6,18,0.9
2020,5,11,0,45,0,0,0,16.5,88.3,16,1.3
2020,5,11,1,45,0,0,0,16.0,89.1,15,1.6
2020,5,11,2,45,0,0,0,15.4,92.0,17,1.7
2020,5,11,3,45,0,0,0,15.2,94.1,21,1.7
2020,5,11,4,45,0,0,0,15.8,92.0,23,1.5
2020,5,11,5,45,113,51,73,16.2,91.1,26,1.5
2020,5,11,6,45,409,121,268,18.2,85.7,24,1.3
2020,5,11,7,45,586,165,490,20.3,77.6,37,0.8
2020,5,11,8,45,683,194,691,21.0,72.2,92,0.7
2020,5,11,9,45,734,216,848,23.8,61.8,138,1.1
2020,5,11,10,45,777,217,953,26.1,54.8,168,1.5
2020,5,11,11,45,752,226,961,26.1,55.1,188,1.8
2020,5,11,12,45,752,217,934,26.9,56.4,202,1.8
2020,5,11,13,45,757,192,854,27.6,57.3,220,1.4
2020,5,11,14,45,579,236,669,26.4,60.6,190,0.5
2020,5,11,15,45,662,143,526,25.3,65.0,43,1.1
2020,5,11,16,45,237,158,259,25.5,67.5,30,1.5
2020,5,11,17,45,150,67,97,25.5,71.0,36,1.3
2020,5,11,18,45,0,2,2,25.0,74.0,31,1.2
2020,5,11,19,45,0,0,0,22.8,81.8,20,1.0
2020,5,11,20,45,0,0,0,20.8,88.6,17,1.0
2020,5,11,21,45,0,0,0,20.2,89.7,16,1.3
2020,5,11,22,45,0,0,0,19.8,91.6,19,1.4
2020,5,11,23,45,0,0,0,19.7,92.5,18,1.3
2020,5,12,0,45,0,0,0,19.0,93.1,10,1.2
2020,5,12,1,45,0,0,0,18.6,91.9,8,1.4
2020,5,12,2,45,0,0,0,18.4,90.7,17,1.6
2020,5,12,3,45,0,0,0,18.0,91.2,21,1.7
2020,5,12,4,45,0,0,0,18.2,90.7,16,1.6
2020,5,12,5,45,0,33,33,18.8,89.9,12,1.5
2020,5,12,6,45,416,120,273,21.0,82.6,2,1.3
2020,5,12,7,45,603,160,493,23.0,73.7,320,0.7
2020,5,12,8,45,39,395,420,22.7,72.0,249,0.7
2020,5,12,9,45,0,430,430,23.8,68.7,223,0.9
2020,5,12,10,45,0,303,303,26.0,63.5,219,1.0
2020,5,12,11,45,0,376,376,26.8,61.6,221,1.5
2020,5,12,12,45,0,407,407,26.8,62.5,237,1.9
2020,5,12,13,45,0,216,216,25.8,67.4,266,1.6
2020,5,12,14,45,104,248,320,25.0,69.6,272,1.1
2020,5,12,15,45,454,220,476,25.4,67.5,261,1.5
2020,5,12,16,45,348,142,283,25.7,68.6,286,1.5
2020,5,12,17,45,9,71,71,25.6,71.9,333,0.8
2020,5,12,18,45,0,3,3,25.4,72.1,5,0.6
2020,5,12,19,45,0,0,0,24.1,75.1,13,0.7
2020,5,12,20,45,0,0,0,22.6,81.4,22,0.8
2020,5,12,21,45,0,0,0,21.6,84.9,25,0.8
2020,5,12,22,45,0,0,0,20.9,86.4,21,0.9
2020,5,12,23,45,0,0,0,20.6,86.4,18,0.9
2020,5,13,0,45,0,0,0,19.8,88.3,16,0.9
2020,5,13,1,45,0,0,0,19.2,89.9,16,0.9
2020,5,13,2,45,0,0,0,18.5,91.0,21,1.0
2020,5,13,3,45,0,0,0,17.8,91.5,19,1.1
2020,5,13,4,45,0,0,0,18.4,89.0,18,1.2
2020,5,13,5,45,0,18,18,19.1,87.9,19,1.2
2020,5,13,6,45,0,73,73,21.6,80.6,8,0.9
2020,5,13,7,45,508,170,464,23.9,71.8,314,0.6
2020,5,13,8,45,726,169,702,23.8,69.3,276,1.1
2020,5,13,9,45,768,191,854,24.4,65.9,264,1.5
2020,5,13,10,45,693,258,916,26.7,57.9,255,1.8
2020,5,13,11,45,699,265,950,28.4,53.0,253,2.2
2020,5,13,12,45,501,369,847,28.8,53.2,253,2.5
2020,5,13,13,45,448,360,751,28.6,54.1,253,2.5
2020,5,13,14,45,59,322,369,27.8,57.4,252,2.6
2020,5,13,15,45,229,238,361,26.8,62.5,254,2.4
2020,5,13,16,45,185,180,251,25.8,68.5,263,1.6
2020,5,13,17,45,137,66,93,25.6,72.3,267,1.1
2020,5,13,18,45,0,2,2,25.3,75.3,275,1.0
2020,5,13,19,45,0,0,0,23.1,82.3,305,1.1
2020,5,13,20,45,0,0,0,21.3,87.3,343,1.1
2020,5,13,21,45,0,0,0,20.8,88.9,9,1.0
2020,5,13,22,45,0,0,0,20.2,89.4,22,0.8
2020,5,13,23,45,0,0,0,20.3,87.5,20,0.7
2020,5,14,0,45,0,0,0,20.2,87.2,16,0.7
2020,5,14,1,45,0,0,0,19.7,88.2,17,0.8
2020,5,14,2,45,0,0,0,18.8,93.1,20,1.0
2020,5,14,3,45,0,0,0,18.5,96.9,20,1.2
2020,5,14,4,45,0,1,1,19.3,92.8,21,1.2
2020,5,14,5,45,28,53,60,20.2,89.7,25,1.2
2020,5,14,6,45,501,105,287,22.6,81.8,30,0.8
2020,5,14,7,45,661,139,508,24.9,73.5,123,0.3
2020,5,14,8,45,751,159,708,24.7,72.2,197,0.8
2020,5,14,9,45,799,174,864,26.3,65.5,203,1.3
2020,5,14,10,45,830,178,966,28.4,57.7,211,1.8
2020,5,14,11,45,603,315,907,28.8,55.8,219,2.2
2020,5,14,12,45,755,219,939,29.4,52.8,228,2.3
2020,5,14,13,45,630,257,813,29.8,51.4,242,2.0
2020,5,14,14,45,693,188,705,28.6,57.6,263,1.7
2020,5,14,15,45,683,137,534,27.4,64.3,282,1.7
2020,5,14,16,45,497,117,309,27.2,66.8,294,1.8
2020,5,14,17,45,217,59,103,27.2,70.0,309,1.6
2020,5,14,18,45,0,1,1,26.8,72.3,341,1.2
2020,5,14,19,45,0,0,0,25.3,73.9,3,1.0
2020,5,14,20,45,0,0,0,23.6,79.3,9,1.0
2020,5,14,21,45,0,0,0,22.3,84.7,12,1.0
2020,5,14,22,45,0,0,0,21.8,86.5,13,0.9
2020,5,14,23,45,0,0,0,21.8,86.3,14,0.8
2020,5,15,0,45,0,0,0,21.1,88.4,18,0.9
2020,5,15,1,45,0,0,0,20.4,91.7,22,1.2
2020,5,15,2,45,0,0,0,19.7,94.3,25,1.4
2020,5,15,3,45,0,0,0,19.1,95.7,26,1.5
2020,5,15,4,45,0,1,1,19.7,94.3,25,1.4
2020,5,15,5,45,99,54,76,20.6,92.0,25,1.4
2020,5,15,6,45,524,104,294,22.9,84.6,29,1.1
2020,5,15,7,45,680,136,517,25.2,73.0,72,0.6
2020,5,15,8,45,769,155,718,25.3,66.7,153,0.7
2020,5,15,9,45,820,166,875,27.4,59.6,190,1.3
2020,5,15,10,45,852,168,977,29.6,53.5,214,1.8
2020,5,15,11,45,872,159,1016,29.7,53.3,232,2.1
2020,5,15,12,45,870,153,985,30.4,52.2,245,2.2
2020,5,15,13,45,845,148,889,31.2,50.8,254,2.4
2020,5,15,14,45,773,151,732,30.1,55.0,254,2.8
2020,5,15,15,45,700,133,540,28.8,63.0,258,2.7
2020,5,15,16,45,546,108,319,28.4,67.7,266,2.0
2020,5,15,17,45,271,58,112,28.6,70.9,271,1.3
2020,5,15,18,45,0,3,3,28.2,73.9,301,1.1
2020,5,15,19,45,0,0,0,26.2,76.5,324,1.3
2020,5,15,20,45,0,0,0,24.6,76.3,341,1.4
2020,5,15,21,45,0,0,0,23.0,78.3,358,1.3
2020,5,15,22,45,0,0,0,21.3,82.0,10,1.2
2020,5,15,23,45,0,0,0,21.2,81.7,19,1.1
2020,5,16,0,45,0,0,0,20.0,84.5,21,1.0
2020,5,16,1,45,0,0,0,18.9,87.1,21,1.0
2020,5,16,2,45,0,0,0,18.7,89.6,27,1.0
2020,5,16,3,45,0,0,0,18.4,91.8,28,1.1
2020,5,16,4,45,2,1,1,19.0,90.5,25,1.2
2020,5,16,5,45,278,47,100,19.8,89.7,25,1.3
2020,5,16,6,45,688,74,324,23.0,79.4,22,1.2
2020,5,16,7,45,831,88,553,25.9,64.8,6,0.5
2020,5,16,8,45,901,96,756,25.8,58.5,253,0.5
2020,5,16,9,45,939,102,915,27.3,51.5,236,1.3
2020,5,16,10,45,958,106,1017,29.4,45.2,235,2.0
2020,5,16,11,45,960,110,1052,29.7,45.0,239,2.6
2020,5,16,12,45,952,109,1021,30.6,41.8,244,3.0
2020,5,16,13,45,931,106,923,31.7,38.7,248,3.2
2020,5,16,14,45,887,102,768,30.9,41.5,249,3.2
2020,5,16,15,45,819,93,570,30.0,44.1,246,3.0
2020,5,16,16,45,694,77,347,29.7,46.0,244,2.5
2020,5,16,17,45,382,49,125,29.4,51.8,247,1.6
2020,5,16,18,45,0,3,3,28.3,54.3,265,0.8
2020,5,16,19,45,0,0,0,26.2,53.8,322,0.4
2020,5,16,20,45,0,0,0,24.7,55.9,16,0.5
2020,5,16,21,45,0,0,0,23.1,61.8,25,0.7
2020,5,16,22,45,0,0,0,21.7,67.8,25,0.8
2020,5,16,23,45,0,0,0,21.2,69.7,25,0.8
2020,5,17,0,45,0,0,0,20.3,73.2,23,0.8
2020,5,17,1,45,0,0,0,19.7,76.5,24,0.9
2020,5,17,2,45,0,0,0,19.3,79.2,27,1.0
2020,5,17,3,45,0,0,0,18.9,81.4,29,1.0
2020,5,17,4,45,2,1,2,19.2,81.5,29,1.0
2020,5,17,5,45,257,46,97,20.1,81.8,27,1.1
2020,5,17,6,45,687,73,323,23.5,72.2,23,1.0
2020,5,17,7,45,819,89,549,26.5,59.3,41,0.4
2020,5,17,8,45,889,98,750,26.4,55.9,204,0.5
2020,5,17,9,45,929,104,909,28.2,50.6,223,1.2
2020,5,17,10,45,948,109,1011,30.6,44.2,232,1.6
2020,5,17,11,45,946,116,1046,30.8,43.1,241,2.1
2020,5,17,12,45,938,116,1015,31.7,42.2,244,2.5
2020,5,17,13,45,915,113,918,32.6,41.3,244,3.0
2020,5,17,14,45,867,113,765,31.7,40.8,241,3.0
2020,5,17,15,45,799,103,569,30.6,40.0,235,2.8
2020,5,17,16,45,672,85,347,30.3,40.9,234,2.4
2020,5,17,17,45,363,53,125,29.8,45.2,253,1.4
2020,5,17,18,45,0,3,3,28.9,43.0,306,0.8
2020,5,17,19,45,0,0,0,26.6,44.6,356,0.9
2020,5,17,20,45,0,0,0,24.5,53.2,15,1.0
2020,5,17,21,45,0,0,0,23.2,57.2,22,0.9
2020,5,17,22,45,0,0,0,22.1,61.3,28,0.9
2020,5,17,23,45,0,0,0,21.6,64.6,30,0.8
2020,5,18,0,45,0,0,0,20.7,69.9,31,0.9
2020,5,18,1,45,0,0,0,19.9,74.6,31,1.1
2020,5,18,2,45,0,0,0,19.5,74.5,29,1.3
2020,5,18,3,45,0,0,0,19.1,73.7,26,1.3
2020,5,18,4,45,0,1,1,19.5,74.0,28,1.2
2020,5,18,5,45,66,54,69,20.4,74.7,30,1.2
2020,5,18,6,45,447,122,288,22.3,72.2,32,1.1
2020,5,18,7,45,658,150,521,26.2,57.8,57,0.6
2020,5,18,8,45,786,154,732,28.4,46.6,210,0.3
2020,5,18,9,45,854,153,894,29.4,41.4,252,1.0
2020,5,18,10,45,885,154,997,30.6,37.0,256,1.8
2020,5,18,11,45,922,133,1040,30.3,36.7,252,2.6
2020,5,18,12,45,914,132,1009,30.4,36.7,250,3.0
2020,5,18,13,45,880,137,912,31.2,34.2,251,2.6
2020,5,18,14,45,814,143,757,30.5,35.2,255,2.2
2020,5,18,15,45,708,140,555,29.5,38.1,261,1.9
2020,5,18,16,45,538,117,329,29.5,41.1,249,1.2
2020,5,18,17,45,231,65,113,30.4,41.2,216,0.9
2020,5,18,18,45,0,3,3,30.0,41.7,213,0.7
2020,5,18,19,45,0,0,0,27.0,48.6,128,0.2
2020,5,18,20,45,0,0,0,24.4,55.3,51,0.8
2020,5,18,21,45,0,0,0,22.9,61.1,40,1.2
2020,5,18,22,45,0,0,0,21.9,64.9,32,1.4
2020,5,18,23,45,0,0,0,21.6,68.3,26,1.7
2020,5,19,0,45,0,0,0,20.5,75.9,21,1.9
2020,5,19,1,45,0,0,0,19.4,82.8,20,2.1
2020,5,19,2,45,0,0,0,18.2,81.9,20,2.2
2020,5,19,3,45,0,0,0,17.4,79.4,21,2.2
2020,5,19,4,45,0,2,2,18.1,77.2,20,2.3
2020,5,19,5,45,118,58,84,18.9,76.9,20,2.3
2020,5,19,6,45,576,101,314,22.4,68.6,18,2.1
2020,5,19,7,45,736,127,542,26.0,54.3,9,1.5
2020,5,19,8,45,826,140,747,26.2,46.2,345,0.8
2020,5,19,9,45,873,149,907,28.0,40.5,268,0.7
2020,5,19,10,45,900,153,1010,30.1,37.1,246,1.7
2020,5,19,11,45,916,148,1050,30.0,37.7,252,2.8
2020,5,19,12,45,912,146,1021,31.1,34.4,256,3.5
2020,5,19,13,45,894,139,926,32.4,30.0,257,3.8
2020,5,19,14,45,852,133,775,31.8,28.7,257,3.9
2020,5,19,15,45,787,118,580,31.0,28.2,255,3.6
2020,5,19,16,45,654,96,354,30.8,29.0,249,2.9
2020,5,19,17,45,353,58,129,30.3,32.2,245,2.1
2020,5,19,18,45,0,4,4,28.3,37.7,258,1.3
2020,5,19,19,45,0,0,0,26.5,39.2,315,0.5
2020,5,19,20,45,0,0,0,25.5,41.8,45,0.7
2020,5,19,21,45,0,0,0,23.2,51.4,41,1.1
2020,5,19,22,45,0,0,0,21.3,58.9,31,1.2
2020,5,19,23,45,0,0,0,20.6,62.3,23,1.3
2020,5,20,0,45,0,0,0,19.8,66.4,21,1.6
2020,5,20,1,45,0,0,0,19.3,69.4,21,1.8
2020,5,20,2,45,0,0,0,18.7,72.0,24,1.8
2020,5,20,3,45,0,0,0,18.0,73.5,28,1.7
2020,5,20,4,45,2,2,2,18.2,73.3,29,1.7
2020,5,20,5,45,215,53,97,19.0,74.4,27,1.7
2020,5,20,6,45,638,90,325,22.7,68.2,32,1.4
2020,5,20,7,45,781,111,552,25.8,54.9,98,0.7
2020,5,20,8,45,851,127,753,25.5,48.8,172,1.1
2020,5,20,9,45,894,135,912,26.9,43.9,195,1.4
2020,5,20,10,45,925,133,1015,29.2,38.6,216,1.7
2020,5,20,11,45,956,115,1057,29.6,38.1,227,2.1
2020,5,20,12,45,959,108,1028,30.9,34.9,235,2.3
2020,5,20,13,45,935,108,932,32.0,32.1,241,2.6
2020,5,20,14,45,856,125,771,31.2,35.8,246,2.8
2020,5,20,15,45,776,116,572,30.5,39.5,249,2.8
2020,5,20,16,45,650,93,349,30.2,40.8,247,2.5
2020,5,20,17,45,349,57,128,29.8,45.8,246,1.8
2020,5,20,18,45,0,4,4,28.7,46.2,260,1.0
2020,5,20,19,45,0,0,0,26.4,44.1,320,0.4
2020,5,20,20,45,0,0,0,24.7,47.7,23,0.6
2020,5,20,21,45,0,0,0,23.4,52.8,45,1.0
2020,5,20,22,45,0,0,0,22.5,56.8,45,1.3
2020,5,20,23,45,0,0,0,22.0,60.3,39,1.3
2020,5,21,0,45,0,0,0,20.5,65.7,35,1.2
2020,5,21,1,45,0,0,0,19.4,68.7,34,1.3
2020,5,21,2,45,0,0,0,18.9,73.8,32,1.3
2020,5,21,3,45,0,0,0,18.5,79.1,32,1.3
2020,5,21,4,45,3,2,2,19.1,76.9,32,1.3
2020,5,21,5,45,198,54,96,20.4,74.7,37,1.3
2020,5,21,6,45,664,82,327,23.6,67.3,56,1.1
2020,5,21,7,45,801,100,553,25.9,60.6,115,0.9
2020,5,21,8,45,873,111,754,25.5,60.5,157,1.3
2020,5,21,9,45,912,117,910,26.7,56.2,174,1.6
2020,5,21,10,45,930,123,1009,28.8,50.3,187,1.9
2020,5,21,11,45,744,242,974,29.4,48.8,199,2.1
2020,5,21,12,45,654,285,913,30.3,47.8,208,2.3
2020,5,21,13,45,709,228,850,31.2,46.7,213,2.5
2020,5,21,14,45,799,147,750,30.6,49.7,213,2.3
2020,5,21,15,45,675,146,547,29.8,53.7,211,2.2
2020,5,21,16,45,569,109,334,29.7,55.7,214,2.2
2020,5,21,17,45,234,68,117,30.0,57.2,223,1.6
2020,5,21,18,45,0,4,4,29.8,58.7,230,0.8
2020,5,21,19,45,0,0,0,26.9,65.2,286,0.2
2020,5,21,20,45,0,0,0,25.0,70.0,20,0.5
2020,5,21,21,45,0,0,0,24.1,73.0,39,1.0
2020,5,21,22,45,0,0,0,22.7,78.7,37,1.3
2020,5,21,23,45,0,0,0,22.2,81.6,35,1.4
2020,5,22,0,45,0,0,0,21.2,85.4,30,1.4
2020,5,22,1,45,0,0,0,20.4,88.6,28,1.3
2020,5,22,2,45,0,0,0,20.0,91.7,30,1.4
2020,5,22,3,45,0,0,0,19.8,94.3,28,1.5
2020,5,22,4,45,2,2,2,20.2,92.2,24,1.4
2020,5,22,5,45,4,42,42,21.2,88.7,22,1.2
2020,5,22,6,45,432,121,292,24.7,76.6,32,0.6
2020,5,22,7,45,728,122,533,27.3,63.8,143,0.6
2020,5,22,8,45,654,202,689,26.8,60.4,171,1.3
2020,5,22,9,45,860,142,891,27.9,55.8,185,1.7
2020,5,22,10,45,871,156,987,30.0,50.0,197,2.0
2020,5,22,11,45,736,249,975,30.5,48.3,208,2.2
2020,5,22,12,45,704,259,936,31.4,46.3,217,2.1
2020,5,22,13,45,463,353,764,32.2,44.7,226,2.2
2020,5,22,14,45,529,269,667,31.6,48.1,230,2.2
2020,5,22,15,45,569,185,519,31.0,52.7,225,2.0
2020,5,22,16,45,537,115,328,30.8,54.9,213,1.7
2020,5,22,17,45,288,61,122,31.0,56.5,195,1.3
2020,5,22,18,45,0,4,4,29.6,62.5,149,0.7
2020,5,22,19,45,0,0,0,27.0,68.7,85,0.6
2020,5,22,20,45,0,0,0,26.5,68.2,51,0.8
2020,5,22,21,45,0,0,0,25.6,71.5,34,0.9
2020,5,22,22,45,0,0,0,24.3,76.7,30,1.0
2020,5,22,23,45,0,0,0,23.8,78.6,33,1.0
2020,5,23,0,45,0,0,0,22.8,83.0,29,0.9
2020,5,23,1,45,0,0,0,22.0,86.3,29,0.9
2020,5,23,2,45,0,0,0,21.7,86.0,33,1.0
2020,5,23,3,45,0,0,0,21.6,84.4,35,1.0
2020,5,23,4,45,1,2,2,23.5,78.3,23,0.8
2020,5,23,5,45,2,51,51,25.6,73.9,6,0.4
2020,5,23,6,45,185,155,234,26.2,71.1,160,0.4
2020,5,23,7,45,648,147,513,26.4,69.2,168,1.0
2020,5,23,8,45,461,285,627,26.1,70.0,180,1.1
2020,5,23,9,45,733,207,845,26.6,66.5,203,1.3
2020,5,23,10,45,723,239,928,29.1,57.9,220,1.7
2020,5,23,11,45,694,268,953,31.0,53.2,230,2.1
2020,5,23,12,45,788,205,964,31.5,51.5,239,2.3
2020,5,23,13,45,754,202,869,32.2,49.8,243,2.5
2020,5,23,14,45,687,195,716,32.0,51.5,248,2.3
2020,5,23,15,45,583,176,521,31.0,56.0,264,1.6
2020,5,23,16,45,430,134,308,30.7,59.3,258,1.1
2020,5,23,17,45,141,73,105,30.9,60.4,249,1.1
2020,5,23,18,45,0,4,4,30.8,60.0,275,1.5
2020,5,23,19,45,0,0,0,28.6,66.9,306,1.6
2020,5,23,20,45,0,0,0,26.3,75.6,351,1.2
2020,5,23,21,45,0,0,0,25.6,76.7,24,1.2
2020,5,23,22,45,0,0,0,24.9,79.5,27,1.3
2020,5,23,23,45,0,0,0,24.6,81.6,21,1.4
2020,5,24,0,45,0,0,0,24.0,84.6,18,1.3
2020,5,24,1,45,0,0,0,23.2,86.9,18,1.3
2020,5,24,2,45,0,0,0,22.1,86.6,17,1.4
2020,5,24,3,45,0,0,0,21.3,85.1,16,1.5
2020,5,24,4,45,0,2,2,21.5,81.5,16,1.5
2020,5,24,5,45,1,60,60,22.3,78.6,16,1.5
2020,5,24,6,45,456,121,296,25.5,70.1,4,1.2
2020,5,24,7,45,646,154,519,28.4,57.4,315,0.9
2020,5,24,8,45,587,237,675,28.6,51.6,269,1.3
2020,5,24,9,45,814,173,882,30.2,46.2,260,1.9
2020,5,24,10,45,840,181,983,32.3,40.9,260,2.5
2020,5,24,11,45,833,193,1016,32.6,40.4,261,2.9
2020,5,24,12,45,807,202,979,33.1,40.1,263,3.2
2020,5,24,13,45,699,238,858,33.6,40.1,261,3.3
2020,5,24,14,45,505,283,667,33.0,43.4,261,3.3
2020,5,24,15,45,402,242,483,32.7,45.8,262,3.3
2020,5,24,16,45,238,183,274,32.6,47.8,255,2.8
2020,5,24,17,45,141,75,107,32.2,54.0,251,1.8
2020,5,24,18,45,0,4,4,31.8,55.4,271,1.0
2020,5,24,19,45,0,0,0,29.8,55.8,323,1.0
2020,5,24,20,45,0,0,0,27.7,62.2,357,1.2
2020,5,24,21,45,0,0,0,25.9,68.7,11,1.3
2020,5,24,22,45,0,0,0,24.5,72.1,13,1.1
2020,5,24,23,45,0,0,0,24.0,74.6,16,1.1
2020,5,25,0,45,0,0,0,23.0,78.7,20,1.3
2020,5,25,1,45,0,0,0,22.4,80.6,23,1.4
2020,5,25,2,45,0,0,0,21.8,83.6,24,1.6
2020,5,25,3,45,0,0,0,21.0,86.2,24,1.7
2020,5,25,4,45,2,2,3,21.0,84.0,24,1.7
2020,5,25,5,45,206,57,101,21.7,80.8,22,1.8
2020,5,25,6,45,605,95,322,25.3,72.0,21,1.7
2020,5,25,7,45,758,116,547,28.7,58.0,17,0.8
2020,5,25,8,45,836,128,747,28.8,49.9,239,0.5
2020,5,25,9,45,879,136,902,30.2,45.3,222,1.6
2020,5,25,10,45,902,140,1002,32.0,40.6,230,2.3
2020,5,25,11,45,914,137,1040,32.2,39.9,238,2.7
2020,5,25,12,45,907,135,1009,33.0,37.9,244,3.1
2020,5,25,13,45,883,132,914,34.1,34.9,249,3.3
2020,5,25,14,45,835,127,762,33.4,36.1,253,3.1
2020,5,25,15,45,760,116,568,32.7,37.3,257,3.0
2020,5,25,16,45,622,97,348,32.8,38.1,253,2.5
2020,5,25,17,45,330,61,131,32.8,41.9,247,1.8
2020,5,25,18,45,0,4,4,31.6,46.4,258,1.1
2020,5,25,19,45,0,0,0,29.8,47.1,313,0.7
2020,5,25,20,45,0,0,0,28.6,48.3,2,1.0
2020,5,25,21,45,0,0,0,26.6,55.2,21,1.1
2020,5,25,22,45,0,0,0,24.7,61.9,22,1.1
2020,5,25,23,45,0,0,0,24.0,65.1,21,1.1
2020,5,26,0,45,0,0,0,23.0,69.7,19,1.2
2020,5,26,1,45,0,0,0,22.0,74.0,20,1.3
2020,5,26,2,45,0,0,0,21.3,77.2,24,1.5
2020,5,26,3,45,0,0,0,20.8,79.9,26,1.6
2020,5,26,4,45,0,2,2,20.8,78.4,23,1.7
2020,5,26,5,45,312,51,110,21.7,77.8,19,1.8
2020,5,26,6,45,618,91,323,25.6,69.9,18,1.6
2020,5,26,7,45,745,119,543,29.0,54.6,20,0.7
2020,5,26,8,45,815,137,740,29.2,47.2,220,0.3
2020,5,26,9,45,849,154,894,31.0,42.5,219,1.0
2020,5,26,10,45,866,165,993,33.1,36.6,235,1.6
2020,5,26,11,45,880,161,1031,33.2,34.7,246,2.2
2020,5,26,12,45,873,159,1001,33.4,34.2,249,2.8
2020,5,26,13,45,846,156,907,34.0,31.9,247,3.3
2020,5,26,14,45,807,145,760,34.2,32.5,249,3.3
2020,5,26,15,45,721,135,565,33.5,36.2,260,2.9
2020,5,26,16,45,536,120,338,33.1,40.7,259,1.9
2020,5,26,17,45,228,73,122,33.5,44.2,248,1.1
2020,5,26,18,45,0,5,5,32.4,44.5,279,0.9
2020,5,26,19,45,0,0,0,29.2,53.8,351,0.9
2020,5,26,20,45,0,0,0,27.3,64.0,24,1.2
2020,5,26,21,45,0,0,0,26.2,65.2,26,1.4
2020,5,26,22,45,0,0,0,24.8,68.9,21,1.6
2020,5,26,23,45,0,0,0,24.2,71.2,18,1.6
2020,5,27,0,45,0,0,0,23.2,73.5,19,1.7
2020,5,27,1,45,0,0,0,22.1,75.4,21,1.7
2020,5,27,2,45,0,0,0,21.1,76.5,20,1.6
2020,5,27,3,45,0,0,0,20.5,76.1,20,1.6
2020,5,27,4,45,0,2,2,21.0,71.5,23,1.7
2020,5,27,5,45,33,62,71,22.0,68.8,25,1.8
2020,5,27,6,45,484,118,301,25.6,66.1,28,1.7
2020,5,27,7,45,657,149,524,29.2,53.6,41,1.2
2020,5,27,8,45,692,195,705,29.3,45.0,103,0.7
2020,5,27,9,45,385,391,725,30.5,43.2,170,1.0
2020,5,27,10,45,689,265,925,32.4,39.7,202,1.6
2020,5,27,11,45,692,271,955,32.8,37.7,222,2.2
2020,5,27,12,45,614,305,899,33.6,36.2,232,2.4
2020,5,27,13,45,578,299,809,34.3,35.1,221,1.5
2020,5,27,14,45,692,196,726,33.4,36.3,196,1.1
2020,5,27,15,45,640,160,544,32.6,37.5,187,1.2
2020,5,27,16,45,470,130,322,32.3,39.7,162,1.3
2020,5,27,17,45,128,73,105,31.8,45.2,147,1.6
2020,5,27,18,45,0,3,3,30.9,50.9,163,1.3
2020,5,27,19,45,0,0,0,27.1,61.9,99,0.7
2020,5,27,20,45,0,0,0,23.9,71.6,32,1.7
2020,5,27,21,45,0,0,0,23.0,71.0,35,1.8
2020,5,27,22,45,0,0,0,22.2,70.6,28,1.6
2020,5,27,23,45,0,0,0,22.1,70.3,27,1.5
2020,5,28,0,45,0,0,0,21.5,72.5,31,1.3
2020,5,28,1,45,0,0,0,20.9,75.0,29,0.9
2020,5,28,2,45,0,0,0,20.8,76.2,94,0.5
2020,5,28,3,45,0,0,0,21.0,76.0,146,0.7
2020,5,28,4,45,0,2,2,21.6,73.9,144,0.7
2020,5,28,5,45,0,17,17,22.2,74.5,140,0.8
2020,5,28,6,45,10,129,134,23.2,74.9,139,0.9
2020,5,28,7,45,423,215,458,24.0,74.1,150,1.0
2020,5,28,8,45,341,338,588,23.8,74.1,163,0.8
2020,5,28,9,45,4,290,294,24.2,72.5,164,0.7
2020,5,28,10,45,8,488,496,25.6,67.2,162,0.8
2020,5,28,11,45,122,579,700,26.6,61.3,182,1.2
2020,5,28,12,45,72,474,545,27.5,57.1,196,1.6
2020,5,28,13,45,44,292,329,28.1,54.8,198,1.8
2020,5,28,14,45,518,276,669,27.1,59.1,198,1.3
2020,5,28,15,45,571,183,525,26.1,65.0,160,0.6
2020,5,28,16,45,415,141,313,26.0,65.8,140,0.7
2020,5,28,17,45,53,82,96,26.2,66.8,181,0.7
2020,5,28,18,45,0,3,3,25.3,70.1,116,0.4
2020,5,28,19,45,0,0,0,23.5,74.0,35,0.9
2020,5,28,20,45,0,0,0,22.7,76.5,17,1.4
2020,5,28,21,45,0,0,0,22.0,78.3,21,1.7
2020,5,28,22,45,0,0,0,21.3,80.7,22,1.8
2020,5,28,23,45,0,0,0,21.2,80.9,27,1.8
2020,5,29,0,45,0,0,0,20.3,81.6,30,1.9
2020,5,29,1,45,0,0,0,19.6,83.3,28,2.0
2020,5,29,2,45,0,0,0,19.2,86.6,29,2.3
2020,5,29,3,45,0,0,0,19.0,88.7,29,2.5
2020,5,29,4,45,0,1,1,19.5,87.7,26,2.3
2020,5,29,5,45,0,7,7,19.9,87.4,21,2.0
2020,5,29,6,45,0,25,25,20.5,84.5,21,1.7
2020,5,29,7,45,231,222,361,21.3,79.5,26,1.4
2020,5,29,8,45,109,423,504,22.0,75.4,30,1.2
2020,5,29,9,45,315,419,697,23.6,68.9,39,1.0
2020,5,29,10,45,547,347,871,25.3,62.6,81,0.7
2020,5,29,11,45,753,234,979,26.1,59.9,128,1.0
2020,5,29,12,45,506,366,856,26.4,57.7,160,1.4
2020,5,29,13,45,328,420,713,26.4,57.6,189,1.6
2020,5,29,14,45,109,383,470,26.6,56.2,224,1.2
2020,5,29,15,45,0,159,159,26.0,57.9,247,1.0
2020,5,29,16,45,0,108,108,25.0,63.9,229,0.7
2020,5,29,17,45,0,67,67,24.8,68.5,168,0.4
2020,5,29,18,45,0,5,5,25.0,68.1,146,0.8
2020,5,29,19,45,0,0,0,24.4,67.8,150,0.9
2020,5,29,20,45,0,0,0,23.1,72.8,194,0.4
2020,5,29,21,45,0,0,0,21.8,79.1,274,0.6
2020,5,29,22,45,0,0,0,20.9,83.0,299,0.6
2020,5,29,23,45,0,0,0,20.8,82.4,1,0.9
2020,5,30,0,45,0,0,0,20.7,82.7,30,1.9
2020,5,30,1,45,0,0,0,20.6,83.5,34,2.2
2020,5,30,2,45,0,0,0,20.1,85.5,22,1.9
2020,5,30,3,45,0,0,0,19.6,87.4,359,1.4
2020,5,30,4,45,0,1,1,20.0,86.4,1,1.0
2020,5,30,5,45,0,7,7,20.9,85.6,8,0.7
2020,5,30,6,45,0,33,33,22.2,81.1,8,0.7
2020,5,30,7,45,0,76,76,23.3,75.1,28,1.0
2020,5,30,8,45,0,60,60,23.4,74.0,43,1.4
2020,5,30,9,45,0,63,63,24.0,72.5,62,1.4
2020,5,30,10,45,0,53,53,25.0,70.4,95,1.3
2020,5,30,11,45,0,110,110,24.9,71.3,140,1.3
2020,5,30,12,45,0,93,93,24.8,72.9,161,1.4
2020,5,30,13,45,0,86,86,25.0,72.2,160,1.2
2020,5,30,14,45,0,79,79,23.2,75.6,212,0.5
2020,5,30,15,45,0,68,68,21.1,80.2,334,0.7
2020,5,30,16,45,0,64,64,21.0,80.2,15,1.1
2020,5,30,17,45,0,47,47,21.3,79.0,33,1.4
2020,5,30,18,45,0,6,6,21.6,78.0,30,1.4
2020,5,30,19,45,0,0,0,21.7,79.3,27,1.2
2020,5,30,20,45,0,0,0,21.5,79.7,25,1.2
2020,5,30,21,45,0,0,0,20.5,81.6,24,1.3
2020,5,30,22,45,0,0,0,19.8,84.7,20,1.3
2020,5,30,23,45,0,0,0,19.6,84.9,17,1.4
2020,5,31,0,45,0,0,0,19.2,87.1,19,1.4
2020,5,31,1,45,0,0,0,18.8,89.3,22,1.5
2020,5,31,2,45,0,0,0,18.4,91.9,22,1.6
2020,5,31,3,45,0,0,0,18.3,91.9,27,1.6
2020,5,31,4,45,0,1,1,18.9,87.9,38,1.7
2020,5,31,5,45,0,13,13,19.5,86.8,43,1.7
2020,5,31,6,45,0,11,11,20.6,85.6,48,1.3
2020,5,31,7,45,0,155,155,22.1,76.5,88,0.9
2020,5,31,8,45,7,312,317,23.2,67.5,155,1.2
2020,5,31,9,45,10,400,409,24.2,64.0,163,1.4
2020,5,31,10,45,0,115,115,25.4,62.2,123,0.9
2020,5,31,11,45,0,184,184,25.2,64.6,90,0.8
2020,5,31,12,45,0,138,138,24.7,67.4,106,1.1
2020,5,31,13,45,0,178,178,25.1,66.4,127,1.2
2020,5,31,14,45,0,99,99,25.1,65.8,143,1.0
2020,5,31,15,45,0,94,94,24.4,68.2,192,0.5
2020,5,31,16,45,0,82,82,24.2,69.4,329,0.7
2020,5,31,17,45,0,60,60,24.5,70.4,355,1.2
2020,5,31,18,45,0,4,4,24.2,72.8,350,1.1
2020,5,31,19,45,0,0,0,23.2,75.8,355,1.3
2020,5,31,20,45,0,0,0,22.7,75.3,10,1.4
2020,5,31,21,45,0,0,0,22.2,76.9,20,1.4
2020,5,31,22,45,0,0,0,21.2,81.7,24,1.6
2020,5,31,23,45,0,0,0,21.1,81.2,26,1.7
2020,6,1,0,45,0,0,0,20.8,81.9,25,1.8
2020,6,1,1,45,0,0,0,20.7,82.2,22,1.7
2020,6,1,2,45,0,0,0,19.9,83.7,17,1.7
2020,6,1,3,45,0,0,0,19.0,85.7,20,1.8
2020,6,1,4,45,0,1,1,19.4,83.1,29,1.7
2020,6,1,5,45,0,13,13,19.9,83.9,38,1.3
2020,6,1,6,45,0,39,39,20.6,85.1,51,1.0
2020,6,1,7,45,0,45,45,21.6,79.8,49,1.0
2020,6,1,8,45,0,57,57,22.6,72.1,56,1.0
2020,6,1,9,45,0,107,107,24.2,64.4,113,0.9
2020,6,1,10,45,0,232,232,25.9,59.1,169,1.5
2020,6,1,11,45,0,364,364,26.3,59.6,190,1.8
2020,6,1,12,45,38,443,479,25.6,62.9,179,1.4
2020,6,1,13,45,486,338,767,25.6,63.9,173,1.3
2020,6,1,14,45,793,140,747,25.8,66.8,215,1.1
2020,6,1,15,45,758,111,568,25.6,71.2,264,1.1
2020,6,1,16,45,645,90,356,25.5,72.5,289,1.2
2020,6,1,17,45,393,58,144,25.7,72.3,295,1.2
2020,6,1,18,45,3,7,7,25.1,76.2,289,1.1
2020,6,1,19,45,0,0,0,23.7,82.3,307,1.0
2020,6,1,20,45,0,0,0,22.8,84.8,335,0.9
2020,6,1,21,45,0,0,0,21.9,87.6,0,0.9
2020,6,1,22,45,0,0,0,21.2,89.2,15,0.8
2020,6,1,23,45,0,0,0,21.1,88.4,18,0.8
2020,6,2,0,45,0,0,0,20.6,90.3,22,0.8
2020,6,2,1,45,0,0,0,20.5,90.6,25,0.8
2020,6,2,2,45,0,0,0,20.6,88.9,23,1.0
2020,6,2,3,45,0,0,0,20.5,87.8,21,1.3
2020,6,2,4,45,0,2,2,21.2,83.0,22,1.3
2020,6,2,5,45,33,57,66,21.9,79.8,21,1.3
2020,6,2,6,45,569,96,315,23.2,76.1,8,0.9
2020,6,2,7,45,752,108,539,24.6,70.6,294,0.5
2020,6,2,8,45,828,120,734,24.9,68.1,232,1.0
2020,6,2,9,45,875,124,888,25.9,63.6,220,1.5
2020,6,2,10,45,851,156,970,27.3,58.7,221,2.0
2020,6,2,11,45,787,198,977,27.6,58.0,226,2.2
2020,6,2,12,45,875,139,985,27.6,58.6,231,2.1
2020,6,2,13,45,711,208,848,28.0,58.3,240,1.8
2020,6,2,14,45,256,372,567,26.9,62.2,247,1.3
2020,6,2,15,45,200,300,414,26.2,64.2,253,1.0
2020,6,2,16,45,117,198,253,26.6,62.9,284,0.8
2020,6,2,17,45,27,86,90,26.8,65.3,354,0.8
2020,6,2,18,45,0,7,7,26.0,68.9,15,1.1
2020,6,2,19,45,0,0,0,23.8,73.9,15,1.2
2020,6,2,20,45,0,0,0,22.5,76.4,12,1.2
2020,6,2,21,45,0,0,0,21.9,78.3,8,1.1
2020,6,2,22,45,0,0,0,21.3,81.2,5,1.1
2020,6,2,23,45,0,0,0,21.2,82.2,10,1.2
2020,6,3,0,45,0,0,0,20.7,84.8,16,1.3
2020,6,3,1,45,0,0,0,20.1,86.9,18,1.3
2020,6,3,2,45,0,0,0,19.9,88.3,18,1.4
2020,6,3,3,45,0,0,0,19.7,89.6,23,1.5
2020,6,3,4,45,0,2,2,20.5,85.6,25,1.5
2020,6,3,5,45,39,64,73,21.8,82.3,23,1.5
2020,6,3,6,45,42,176,195,23.8,75.3,20,1.2
2020,6,3,7,45,598,165,506,25.5,65.9,349,0.4
2020,6,3,8,45,241,374,548,25.6,61.9,241,0.5
2020,6,3,9,45,301,412,681,27.0,55.3,225,1.1
2020,6,3,10,45,807,189,962,29.2,47.5,220,1.6
2020,6,3,11,45,506,369,870,29.9,45.2,220,2.2
2020,6,3,12,45,297,468,755,30.3,44.0,217,2.3
2020,6,3,13,45,359,398,717,30.1,44.8,207,2.4
2020,6,3,14,45,733,171,733,28.0,50.8,214,1.7
2020,6,3,15,45,715,131,563,27.1,53.2,235,1.0
2020,6,3,16,45,545,114,345,27.9,52.7,233,0.8
2020,6,3,17,45,155,89,120,27.9,58.0,241,0.6
2020,6,3,18,45,2,7,8,27.6,59.3,242,0.5
2020,6,3,19,45,0,0,0,26.5,59.4,311,0.3
2020,6,3,20,45,0,0,0,25.4,63.4,5,0.6
2020,6,3,21,45,0,0,0,24.7,66.5,14,0.8
2020,6,3,22,45,0,0,0,23.4,71.7,21,0.9
2020,6,3,23,45,0,0,0,22.7,74.1,25,0.8
2020,6,4,0,45,0,0,0,22.2,75.2,27,0.9
2020,6,4,1,45,0,0,0,21.6,77.8,24,0.9
2020,6,4,2,45,0,0,0,20.8,80.1,20,1.0
2020,6,4,3,45,0,0,0,20.4,81.4,21,1.1
2020,6,4,4,45,0,1,1,20.8,80.9,21,1.1
2020,6,4,5,45,0,5,5,21.7,80.3,20,1.2
2020,6,4,6,45,0,33,33,23.6,73.7,18,0.8
2020,6,4,7,45,0,122,122,25.1,65.6,238,0.3
2020,6,4,8,45,0,271,271,25.2,63.8,200,1.2
2020,6,4,9,45,0,299,299,25.4,64.4,197,1.9
2020,6,4,10,45,23,473,496,25.6,64.1,193,2.0
2020,6,4,11,45,29,433,461,25.5,63.4,172,1.8
2020,6,4,12,45,0,335,335,25.8,63.3,151,1.9
2020,6,4,13,45,0,294,294,26.0,63.8,147,2.0
2020,6,4,14,45,0,165,165,25.0,70.3,142,1.8
2020,6,4,15,45,0,135,135,24.2,76.7,129,1.4
2020,6,4,16,45,0,90,90,24.4,79.9,130,1.1
2020,6,4,17,45,0,45,45,24.2,84.4,160,1.1
2020,6,4,18,45,0,3,3,23.8,87.2,189,1.0
2020,6,4,19,45,0,0,0,22.2,89.6,250,0.5
2020,6,4,20,45,0,0,0,21.2,90.9,349,0.6
2020,6,4,21,45,0,0,0,20.9,92.6,15,0.8
2020,6,4,22,45,0,0,0,20.8,93.1,23,0.8
2020,6,4,23,45,0,0,0,20.8,91.7,20,0.7
2020,6,5,0,45,0,0,0,20.7,92.8,17,0.7
2020,6,5,1,45,0,0,0,20.4,94.3,22,0.5
2020,6,5,2,45,0,0,0,20.2,95.2,6,0.6
2020,6,5,3,45,0,0,0,20.2,94.9,352,0.8
2020,6,5,4,45,0,1,1,20.3,92.8,343,0.8
2020,6,5,5,45,0,4,4,20.2,92.2,332,1.0
2020,6,5,6,45,0,12,12,20.8,92.0,330,0.7
2020,6,5,7,45,0,23,23,21.7,89.2,252,0.2
2020,6,5,8,45,0,75,75,22.0,84.2,162,0.7
2020,6,5,9,45,0,109,109,22.0,80.6,177,0.9
2020,6,5,10,45,0,146,146,22.7,77.4,212,0.8
2020,6,5,11,45,0,156,156,22.8,77.2,254,1.0
2020,6,5,12,45,0,148,148,22.8,77.5,275,1.2
2020,6,5,13,45,0,92,92,23.3,75.9,291,1.2
2020,6,5,14,45,0,65,65,22.3,82.2,308,1.2
2020,6,5,15,45,0,65,65,21.1,88.6,321,1.0
2020,6,5,16,45,0,64,64,21.3,87.0,321,0.6
2020,6,5,17,45,0,63,63,21.3,87.3,307,0.5
2020,6,5,18,45,0,7,7,20.9,89.5,316,0.5
2020,6,5,19,45,0,0,0,20.3,91.1,355,0.3
2020,6,5,20,45,0,0,0,20.0,90.5,56,0.2
2020,6,5,21,45,0,0,0,19.9,89.9,25,0.3
2020,6,5,22,45,0,0,0,19.7,90.8,350,0.6
2020,6,5,23,45,0,0,0,19.6,90.5,345,0.8
2020,6,6,0,45,0,0,0,19.0,92.2,343,0.8
2020,6,6,1,45,0,0,0,18.7,93.6,342,0.8
2020,6,6,2,45,0,0,0,18.8,96.0,352,0.8
2020,6,6,3,45,0,0,0,18.7,98.8,0,0.8
2020,6,6,4,45,0,1,1,19.2,95.7,0,1.0
2020,6,6,5,45,0,3,3,19.8,93.7,3,1.1
2020,6,6,6,45,0,24,24,20.6,91.4,347,0.8
2020,6,6,7,45,0,142,142,21.8,85.5,282,0.7
2020,6,6,8,45,0,336,336,22.3,81.1,246,1.2
2020,6,6,9,45,122,495,601,24.0,74.2,237,1.8
2020,6,6,10,45,56,541,594,25.9,66.6,230,2.3
2020,6,6,11,45,0,548,548,26.4,64.6,228,2.4
2020,6,6,12,45,0,515,515,27.1,63.8,226,2.2
2020,6,6,13,45,0,421,421,27.4,64.5,220,1.8
2020,6,6,14,45,0,338,338,26.6,70.8,221,1.4
2020,6,6,15,45,0,311,311,26.1,76.3,214,1.0
2020,6,6,16,45,0,192,192,25.9,79.1,212,0.8
2020,6,6,17,45,0,74,74,25.6,77.9,221,0.5
2020,6,6,18,45,0,9,9,24.8,79.2,160,0.2
2020,6,6,19,45,0,0,0,23.4,86.7,37,0.5
2020,6,6,20,45,0,0,0,22.4,89.6,25,0.8
2020,6,6,21,45,0,0,0,21.4,92.3,25,0.7
2020,6,6,22,45,0,0,0,20.8,94.3,24,0.6
2020,6,6,23,45,0,0,0,21.0,93.1,24,0.6
2020,6,7,0,45,0,0,0,20.6,94.6,23,0.8
2020,6,7,1,45,0,0,0,20.4,95.8,24,1.0
2020,6,7,2,45,0,0,0,20.0,95.4,25,1.1
2020,6,7,3,45,0,0,0,19.7,94.8,24,1.1
2020,6,7,4,45,0,2,2,20.6,91.1,21,1.2
2020,6,7,5,45,0,49,49,21.6,89.2,18,1.2
2020,6,7,6,45,26,170,182,23.2,86.4,10,0.8
2020,6,7,7,45,79,299,341,24.7,80.2,302,0.4
2020,6,7,8,45,16,425,438,25.2,76.9,235,0.9
2020,6,7,9,45,208,470,652,26.2,72.7,230,1.6
2020,6,7,10,45,92,570,659,27.2,66.9,237,1.8
2020,6,7,11,45,325,465,787,27.5,64.3,241,1.9
2020,6,7,12,45,347,440,777,27.8,63.3,239,1.9
2020,6,7,13,45,282,431,685,27.8,64.3,233,1.8
2020,6,7,14,45,100,420,500,28.0,66.6,239,1.8
2020,6,7,15,45,78,322,365,27.8,69.7,265,1.7
2020,6,7,16,45,406,153,317,26.6,73.4,293,1.2
2020,6,7,17,45,297,70,138,26.6,72.7,319,0.7
2020,6,7,18,45,7,8,9,26.0,74.0,355,0.3
2020,6,7,19,45,0,0,0,24.2,80.1,59,0.4
2020,6,7,20,45,0,0,0,22.8,82.7,59,0.8
2020,6,7,21,45,0,0,0,22.0,85.2,47,0.7
2020,6,7,22,45,0,0,0,21.3,88.1,30,0.7
2020,6,7,23,45,0,0,0,21.2,88.1,18,0.8
2020,6,8,0,45,0,0,0,20.8,89.4,16,0.9
2020,6,8,1,45,0,0,0,20.3,90.8,20,1.0
2020,6,8,2,45,0,0,0,20.2,92.0,23,1.1
2020,6,8,3,45,0,0,0,20.3,93.4,24,1.2
2020,6,8,4,45,0,2,2,21.1,90.3,23,1.3
2020,6,8,5,45,46,52,63,22.4,86.0,21,1.5
2020,6,8,6,45,416,126,286,24.1,81.4,20,1.3
2020,6,8,7,45,592,163,503,25.8,73.7,358,0.5
2020,6,8,8,45,688,187,697,26.2,68.3,249,0.6
2020,6,8,9,45,744,202,852,27.6,61.2,231,1.3
2020,6,8,10,45,781,206,954,29.3,54.1,231,1.7
2020,6,8,11,45,675,274,943,30.0,51.8,231,2.1
2020,6,8,12,45,580,320,883,31.0,49.8,229,2.3
2020,6,8,13,45,709,223,857,31.6,49.2,228,2.4
2020,6,8,14,45,585,242,695,30.8,50.9,224,2.2
2020,6,8,15,45,565,189,533,29.9,53.7,226,2.1
2020,6,8,16,45,558,115,351,29.3,57.3,231,1.9
2020,6,8,17,45,310,70,142,29.0,61.3,235,1.5
2020,6,8,18,45,3,8,9,28.4,67.1,252,1.2
2020,6,8,19,45,0,0,0,27.2,71.1,277,1.0
2020,6,8,20,45,0,0,0,26.2,72.6,322,0.6
2020,6,8,21,45,0,0,0,24.9,77.3,28,0.5
2020,6,8,22,45,0,0,0,24.0,82.3,45,0.8
2020,6,8,23,45,0,0,0,24.1,82.6,39,1.0
2020,6,9,0,45,0,0,0,23.7,83.3,37,1.1
2020,6,9,1,45,0,0,0,22.7,85.8,36,1.1
2020,6,9,2,45,0,0,0,22.2,88.2,33,1.0
2020,6,9,3,45,0,0,0,21.7,90.3,25,0.9
2020,6,9,4,45,0,3,3,22.0,86.8,18,1.0
2020,6,9,5,45,0,29,29,23.2,83.0,18,1.1
2020,6,9,6,45,362,127,277,25.5,75.9,17,0.8
2020,6,9,7,45,664,140,519,27.2,67.7,312,0.2
2020,6,9,8,45,584,230,665,27.3,65.8,209,0.7
2020,6,9,9,45,677,235,823,28.7,60.6,209,1.3
2020,6,9,10,45,606,301,882,30.7,53.6,210,1.7
2020,6,9,11,45,148,553,699,31.2,51.7,210,1.9
2020,6,9,12,45,194,520,708,31.8,51.7,211,2.0
2020,6,9,13,45,200,473,652,32.5,51.1,211,2.1
2020,6,9,14,45,98,437,513,31.4,55.3,220,1.8
2020,6,9,15,45,35,339,358,30.1,60.6,235,1.5
2020,6,9,16,45,455,141,331,29.9,62.6,248,1.4
2020,6,9,17,45,243,79,134,30.0,65.2,257,1.1
2020,6,9,18,45,5,8,9,29.9,65.2,244,0.6
2020,6,9,19,45,0,0,0,28.8,66.8,198,0.2
2020,6,9,20,45,0,0,0,27.9,70.3,90,0.2
2020,6,9,21,45,0,0,0,26.7,76.0,68,0.6
2020,6,9,22,45,0,0,0,25.6,81.0,56,1.0
2020,6,9,23,45,0,0,0,25.8,80.1,47,1.0
2020,6,10,0,45,0,0,0,25.4,80.8,34,1.1
2020,6,10,1,45,0,0,0,24.7,81.7,28,1.4
2020,6,10,2,45,0,0,0,24.1,82.8,29,1.3
2020,6,10,3,45,0,0,0,23.6,84.6,23,1.1
2020,6,10,4,45,0,1,1,24.2,82.9,21,1.3
2020,6,10,5,45,0,13,13,25.0,81.9,21,1.4
2020,6,10,6,45,0,87,87,26.2,76.8,20,1.2
2020,6,10,7,45,257,225,381,27.4,70.0,33,0.5
2020,6,10,8,45,36,427,455,27.6,69.4,158,0.4
2020,6,10,9,45,73,507,570,28.4,67.7,197,1.2
2020,6,10,10,45,126,544,664,29.9,63.6,204,1.7
2020,6,10,11,45,0,582,582,30.7,62.4,206,2.1
2020,6,10,12,45,13,605,618,30.8,62.8,211,2.0
2020,6,10,13,45,0,446,446,30.9,63.2,215,1.5
2020,6,10,14,45,0,314,314,29.7,66.5,224,1.0
2020,6,10,15,45,0,260,260,28.7,69.8,246,0.9
2020,6,10,16,45,0,84,84,28.5,72.4,255,0.8
2020,6,10,17,45,31,86,91,28.3,73.5,293,0.2
2020,6,10,18,45,4,9,9,27.7,76.3,71,0.3
2020,6,10,19,45,0,0,0,26.4,82.9,72,0.6
2020,6,10,20,45,0,0,0,25.6,85.6,68,0.9
2020,6,10,21,45,0,0,0,24.9,87.6,62,1.0
2020,6,10,22,45,0,0,0,24.4,90.0,51,1.0
2020,6,10,23,45,0,0,0,24.5,89.7,35,1.3
2020,6,11,0,45,0,0,0,24.0,90.2,22,1.5
2020,6,11,1,45,0,0,0,23.9,90.0,16,1.5
2020,6,11,2,45,0,0,0,23.6,92.2,11,1.6
2020,6,11,3,45,0,0,0,23.0,95.8,12,1.6
2020,6,11,4,45,0,1,1,23.9,91.6,19,1.7
2020,6,11,5,45,0,5,5,24.7,87.6,23,1.7
2020,6,11,6,45,0,14,14,25.5,85.3,27,1.5
2020,6,11,7,45,0,200,200,26.8,81.2,42,1.0
2020,6,11,8,45,0,305,305,27.2,79.0,94,0.7
2020,6,11,9,45,104,497,590,28.3,74.6,153,1.1
2020,6,11,10,45,442,390,815,29.3,69.7,178,1.7
2020,6,11,11,45,428,413,837,29.2,68.3,185,2.1
2020,6,11,12,45,170,528,695,29.3,67.5,188,2.1
2020,6,11,13,45,1,518,519,29.7,65.7,183,1.6
2020,6,11,14,45,0,368,368,29.5,65.9,216,0.7
2020,6,11,15,45,99,336,393,29.0,67.4,286,0.6
2020,6,11,16,45,439,143,327,29.0,68.2,327,0.2
2020,6,11,17,45,261,75,137,28.6,70.9,292,0.1
2020,6,11,18,45,7,8,9,28.4,70.2,225,0.3
2020,6,11,19,45,0,0,0,28.2,71.1,141,0.3
2020,6,11,20,45,0,0,0,27.3,78.6,80,0.7
2020,6,11,21,45,0,0,0,26.0,84.6,65,1.1
2020,6,11,22,45,0,0,0,25.1,85.8,62,1.2
2020,6,11,23,45,0,0,0,24.8,85.2,48,1.1
2020,6,12,0,45,0,0,0,24.2,86.8,26,1.0
2020,6,12,1,45,0,0,0,23.6,88.0,17,1.0
2020,6,12,2,45,0,0,0,23.3,89.4,18,1.3
2020,6,12,3,45,0,0,0,23.2,91.3,17,1.4
2020,6,12,4,45,0,3,3,23.9,87.5,15,1.3
2020,6,12,5,45,0,26,26,25.0,83.5,16,1.3
2020,6,12,6,45,0,147,147,26.6,77.1,18,0.7
2020,6,12,7,45,461,201,466,27.8,70.7,187,0.4
2020,6,12,8,45,133,402,505,27.7,72.0,203,1.0
2020,6,12,9,45,213,455,640,28.2,71.5,209,1.3
2020,6,12,10,45,141,534,669,29.4,67.5,213,1.5
2020,6,12,11,45,136,551,686,29.6,67.1,211,1.9
2020,6,12,12,45,86,558,641,30.4,65.9,207,2.1
2020,6,12,13,45,78,509,580,31.0,64.8,207,1.8
2020,6,12,14,45,0,419,419,30.2,65.4,196,1.4
2020,6,12,15,45,0,316,316,29.8,65.6,178,1.3
2020,6,12,16,45,0,200,200,29.7,68.2,175,1.2
2020,6,12,17,45,26,101,105,29.5,72.1,192,0.8
2020,6,12,18,45,1,9,9,29.2,73.0,234,0.4
2020,6,12,19,45,0,0,0,28.0,76.9,144,0.2
2020,6,12,20,45,0,0,0,26.8,82.9,101,0.8
2020,6,12,21,45,0,0,0,26.2,84.1,99,1.0
2020,6,12,22,45,0,0,0,25.8,84.6,87,1.0
2020,6,12,23,45,0,0,0,25.8,83.8,64,1.0
2020,6,13,0,45,0,0,0,25.3,83.7,49,1.1
2020,6,13,1,45,0,0,0,24.7,85.2,36,1.1
2020,6,13,2,45,0,0,0,24.5,87.3,27,1.1
2020,6,13,3,45,0,0,0,24.5,87.6,22,1.1
2020,6,13,4,45,0,2,2,24.9,83.7,20,0.9
2020,6,13,5,45,0,6,6,25.2,81.7,28,0.4
2020,6,13,6,45,77,108,143,25.7,81.0,177,0.2
2020,6,13,7,45,214,268,379,26.1,80.3,203,0.9
2020,6,13,8,45,0,283,283,26.2,79.1,209,1.0
2020,6,13,9,45,0,386,386,26.8,75.7,212,1.1
2020,6,13,10,45,0,335,335,28.6,70.9,208,1.5
2020,6,13,11,45,40,528,568,29.7,68.2,207,1.9
2020,6,13,12,45,30,585,614,29.9,68.6,210,2.0
2020,6,13,13,45,85,518,594,29.9,68.6,220,1.7
2020,6,13,14,45,38,449,480,28.9,70.1,236,1.0
2020,6,13,15,45,99,333,392,28.5,69.8,240,0.7
2020,6,13,16,45,165,202,276,28.8,68.4,228,0.8
2020,6,13,17,45,60,102,115,28.4,71.3,225,0.8
2020,6,13,18,45,0,9,9,27.4,77.5,207,0.6
2020,6,13,19,45,0,0,0,26.1,83.9,141,0.5
2020,6,13,20,45,0,0,0,25.3,87.4,100,0.9
2020,6,13,21,45,0,0,0,24.8,88.9,90,1.2
2020,6,13,22,45,0,0,0,24.4,89.2,71,1.1
2020,6,13,23,45,0,0,0,24.2,88.3,45,1.2
2020,6,14,0,45,0,0,0,23.7,89.1,31,1.3
2020,6,14,1,45,0,0,0,23.0,91.8,24,1.2
2020,6,14,2,45,0,0,0,22.5,91.0,16,1.3
2020,6,14,3,45,0,0,0,22.5,89.6,10,1.4
2020,6,14,4,45,0,1,1,22.9,89.6,7,1.3
2020,6,14,5,45,0,47,47,23.6,88.6,2,1.2
2020,6,14,6,45,0,43,43,24.5,85.2,330,0.7
2020,6,14,7,45,0,110,110,25.2,82.2,255,0.8
2020,6,14,8,45,0,181,181,25.3,83.0,225,1.3
2020,6,14,9,45,0,303,303,26.0,81.8,213,1.7
2020,6,14,10,45,0,384,384,26.6,78.5,208,1.7
2020,6,14,11,45,0,541,541,26.5,77.1,211,1.6
2020,6,14,12,45,77,541,615,27.6,75.1,207,1.6
2020,6,14,13,45,104,498,590,28.6,72.9,206,1.4
2020,6,14,14,45,238,371,546,29.4,70.4,218,1.2
2020,6,14,15,45,569,175,530,30.0,68.2,225,1.4
2020,6,14,16,45,474,135,334,29.7,70.2,229,1.7
2020,6,14,17,45,344,68,148,29.1,73.4,226,1.4
2020,6,14,18,45,14,10,11,28.3,76.9,196,0.9
2020,6,14,19,45,0,0,0,27.0,82.4,135,0.4
2020,6,14,20,45,0,0,0,26.4,86.2,41,0.5
2020,6,14,21,45,0,0,0,26.2,89.3,40,0.9
2020,6,14,22,45,0,0,0,25.8,90.9,34,1.0
2020,6,14,23,45,0,0,0,25.7,90.4,29,0.9
2020,6,15,0,45,0,0,0,25.2,91.7,18,0.8
2020,6,15,1,45,0,0,0,24.6,92.2,4,0.8
2020,6,15,2,45,0,0,0,23.7,92.7,18,0.5
2020,6,15,3,45,0,0,0,23.0,93.2,352,0.1
2020,6,15,4,45,0,3,3,23.6,92.4,270,0.3
2020,6,15,5,45,10,62,64,24.5,90.8,252,0.3
2020,6,15,6,45,290,151,263,25.3,86.9,229,0.5
2020,6,15,7,45,637,142,505,25.6,83.0,220,0.9
2020,6,15,8,45,445,285,610,25.8,81.8,215,1.2
2020,6,15,9,45,95,457,537,26.6,78.0,210,1.5
2020,6,15,10,45,0,472,472,27.2,73.7,200,1.8
2020,6,15,11,45,1,493,494,27.2,72.8,193,2.0
2020,6,15,12,45,113,548,658,28.0,71.0,192,2.0
2020,6,15,13,45,60,510,564,28.8,69.6,189,2.0
2020,6,15,14,45,219,387,552,28.1,76.5,175,1.5
2020,6,15,15,45,207,303,431,27.3,82.5,155,1.3
2020,6,15,16,45,171,203,280,27.3,81.7,153,1.3
2020,6,15,17,45,48,103,110,27.2,82.9,170,1.0
2020,6,15,18,45,13,11,12,26.6,85.7,196,0.7
2020,6,15,19,45,0,0,0,25.4,88.4,188,0.6
2020,6,15,20,45,0,0,0,25.0,90.0,117,0.4
2020,6,15,21,45,0,0,0,25.2,91.1,73,0.7
2020,6,15,22,45,0,0,0,24.8,91.4,65,0.8
2020,6,15,23,45,0,0,0,24.6,90.0,58,0.9
2020,6,16,0,45,0,0,0,24.3,90.0,37,0.8
2020,6,16,1,45,0,0,0,23.9,90.8,1,0.9
2020,6,16,2,45,0,0,0,23.5,91.3,354,1.1
2020,6,16,3,45,0,0,0,22.8,92.4,353,1.2
2020,6,16,4,45,0,3,4,23.0,90.2,351,1.3
2020,6,16,5,45,35,67,76,24.2,86.2,0,1.2
2020,6,16,6,45,324,146,272,25.7,81.3,8,0.5
2020,6,16,7,45,666,135,512,27.0,76.2,194,0.6
2020,6,16,8,45,201,375,525,27.2,74.2,200,1.3
2020,6,16,9,45,345,389,688,27.8,71.2,203,1.7
2020,6,16,10,45,255,474,719,28.9,66.0,205,1.9
2020,6,16,11,45,227,504,729,29.4,64.1,208,2.0
2020,6,16,12,45,71,558,626,29.9,64.4,208,2.1
2020,6,16,13,45,124,487,602,30.5,64.3,205,1.9
2020,6,16,14,45,4,368,372,29.6,67.5,186,1.4
2020,6,16,15,45,0,231,231,28.7,71.3,168,1.4
2020,6,16,16,45,0,181,181,28.6,73.1,175,1.7
2020,6,16,17,45,37,99,105,28.5,73.5,186,1.5
2020,6,16,18,45,8,11,12,28.0,76.8,188,1.1
2020,6,16,19,45,0,0,0,26.5,84.9,170,0.9
2020,6,16,20,45,0,0,0,25.9,89.6,150,0.8
2020,6,16,21,45,0,0,0,25.8,92.0,128,0.6
2020,6,16,22,45,0,0,0,25.2,94.8,114,0.5
2020,6,16,23,45,0,0,0,25.1,94.5,139,0.3
2020,6,17,0,45,0,0,0,24.5,95.6,244,0.2
2020,6,17,1,45,0,0,0,24.0,96.5,309,0.5
2020,6,17,2,45,0,0,0,23.4,97.3,284,0.6
2020,6,17,3,45,0,0,0,22.8,99.1,246,0.6
2020,6,17,4,45,0,1,1,23.5,96.5,291,0.5
2020,6,17,5,45,0,4,4,24.1,94.2,335,0.7
2020,6,17,6,45,23,139,149,24.4,92.5,321,0.4
2020,6,17,7,45,215,268,393,24.7,90.3,208,0.4
2020,6,17,8,45,151,375,492,24.8,88.4,200,0.9
2020,6,17,9,45,28,471,494,25.5,84.8,193,1.1
2020,6,17,10,45,0,353,353,26.0,81.3,186,1.4
2020,6,17,11,45,0,285,285,26.0,80.8,186,1.5
2020,6,17,12,45,0,199,199,27.0,79.5,188,1.4
2020,6,17,13,45,0,265,265,28.3,78.0,191,1.5
2020,6,17,14,45,0,230,230,27.7,78.9,195,1.5
2020,6,17,15,45,0,203,203,26.4,82.1,197,0.8
2020,6,17,16,45,0,146,146,25.6,85.3,288,0.3
2020,6,17,17,45,0,95,95,25.5,86.3,355,0.4
2020,6,17,18,45,0,8,8,25.0,90.3,82,0.4
2020,6,17,19,45,0,0,0,24.7,94.5,95,0.5
2020,6,17,20,45,0,0,0,25.0,95.0,41,0.5
2020,6,17,21,45,0,0,0,24.8,94.7,22,0.5
2020,6,17,22,45,0,0,0,24.2,95.0,18,0.5
2020,6,17,23,45,0,0,0,24.2,94.7,344,0.3
2020,6,18,0,45,0,0,0,24.0,94.1,313,0.4
2020,6,18,1,45,0,0,0,23.9,91.6,336,0.5
2020,6,18,2,45,0,0,0,24.0,89.4,359,0.6
2020,6,18,3,45,0,0,0,24.0,89.1,4,0.7
2020,6,18,4,45,0,1,1,24.6,87.3,5,0.6
2020,6,18,5,45,0,4,4,25.1,87.4,360,0.5
2020,6,18,6,45,0,25,25,25.1,90.3,326,0.6
2020,6,18,7,45,0,73,73,25.6,90.9,293,0.8
2020,6,18,8,45,0,134,134,25.9,89.3,264,0.9
2020,6,18,9,45,0,236,236,26.6,84.2,249,1.0
2020,6,18,10,45,0,273,273,28.1,78.0,240,1.1
2020,6,18,11,45,0,218,218,29.0,75.4,228,1.3
2020,6,18,12,45,0,145,145,29.4,72.8,216,1.6
2020,6,18,13,45,0,285,285,29.2,71.6,213,1.7
2020,6,18,14,45,0,250,250,28.0,74.8,217,1.5
2020,6,18,15,45,0,202,202,27.0,78.8,202,1.4
2020,6,18,16,45,0,159,159,26.5,80.9,182,1.5
2020,6,18,17,45,0,71,71,25.8,82.8,170,1.2
2020,6,18,18,45,0,9,9,24.8,85.8,152,0.9
2020,6,18,19,45,0,0,0,24.6,89.5,144,0.9
2020,6,18,20,45,0,0,0,24.7,91.4,146,1.0
2020,6,18,21,45,0,0,0,24.6,92.2,146,0.9
2020,6,18,22,45,0,0,0,24.4,92.2,153,0.8
2020,6,18,23,45,0,0,0,24.3,92.8,162,0.8
2020,6,19,0,45,0,0,0,24.2,95.3,176,0.9
2020,6,19,1,45,0,0,0,24.0,95.6,191,0.8
2020,6,19,2,45,0,0,0,23.7,95.9,180,0.7
2020,6,19,3,45,0,0,0,23.4,96.7,157,0.7
2020,6,19,4,45,0,0,0,23.9,94.2,150,0.7
2020,6,19,5,45,0,5,5,24.2,92.2,157,0.9
2020,6,19,6,45,0,29,29,24.5,91.9,170,1.1
2020,6,19,7,45,0,45,45,24.2,93.3,184,0.9
2020,6,19,8,45,0,96,96,23.7,95.9,202,0.5
2020,6,19,9,45,0,140,140,24.1,95.9,192,0.5
2020,6,19,10,45,0,252,252,24.8,92.8,176,0.8
2020,6,19,11,45,0,377,377,25.3,89.0,166,1.2
2020,6,19,12,45,0,416,416,26.4,85.4,160,1.6
2020,6,19,13,45,12,527,537,27.4,81.5,162,1.7
2020,6,19,14,45,24,460,478,27.6,76.1,168,1.7
2020,6,19,15,45,21,339,352,27.6,73.1,180,1.7
2020,6,19,16,45,0,182,182,27.4,74.7,191,1.6
2020,6,19,17,45,38,98,108,27.3,76.5,202,1.2
2020,6,19,18,45,1,11,12,26.6,80.2,216,0.9
2020,6,19,19,45,0,0,0,25.7,85.9,225,0.4
2020,6,19,20,45,0,0,0,25.6,87.1,81,0.3
2020,6,19,21,45,0,0,0,25.4,87.4,74,0.7
2020,6,19,22,45,0,0,0,24.9,89.2,86,0.7
2020,6,19,23,45,0,0,0,24.7,90.6,65,0.5
2020,6,20,0,45,0,0,0,24.2,92.2,27,0.6
2020,6,20,1,45,0,0,0,24.3,91.9,9,0.7
2020,6,20,2,45,0,0,0,24.2,91.9,4,0.8
2020,6,20,3,45,0,0,0,23.6,93.0,354,0.6
2020,6,20,4,45,0,2,2,23.8,91.9,333,0.4
2020,6,20,5,45,0,11,11,24.5,89.2,348,0.5
2020,6,20,6,45,0,95,95,25.5,84.8,327,0.4
2020,6,20,7,45,22,316,329,26.4,79.7,251,0.6
2020,6,20,8,45,0,411,411,26.7,78.3,223,1.0
2020,6,20,9,45,46,508,548,26.9,77.4,210,1.4
2020,6,20,10,45,20,579,598,27.5,73.8,197,1.7
2020,6,20,11,45,0,539,539,28.0,71.9,196,1.9
2020,6,20,12,45,0,465,465,27.9,72.7,198,2.1
2020,6,20,13,45,0,498,498,27.8,72.9,198,1.9
2020,6,20,14,45,0,331,331,26.9,77.9,183,1.5
2020,6,20,15,45,0,247,247,25.6,84.5,176,1.2
2020,6,20,16,45,29,221,233,25.3,87.4,189,0.7
2020,6,20,17,45,0,38,38,25.5,87.7,212,0.2
2020,6,20,18,45,0,7,7,25.4,86.6,28,0.3
2020,6,20,19,45,0,0,0,24.5,89.5,37,0.8
2020,6,20,20,45,0,0,0,24.0,89.7,31,0.9
2020,6,20,21,45,0,0,0,24.2,87.5,23,0.8
2020,6,20,22,45,0,0,0,24.2,86.5,18,0.6
2020,6,20,23,45,0,0,0,24.2,86.2,5,0.6
2020,6,21,0,45,0,0,0,23.0,89.1,349,0.8
2020,6,21,1,45,0,0,0,22.0,90.9,337,1.0
2020,6,21,2,45,0,0,0,22.1,91.2,360,1.1
2020,6,21,3,45,0,0,0,22.2,89.6,23,1.0
2020,6,21,4,45,0,0,0,22.0,88.4,3,0.7
2020,6,21,5,45,0,8,8,22.2,89.0,319,0.5
2020,6,21,6,45,0,90,90,22.7,87.7,289,0.6
2020,6,21,7,45,0,130,130,23.1,85.1,266,0.7
2020,6,21,8,45,0,166,166,23.8,81.1,249,0.7
2020,6,21,9,45,0,335,335,24.9,77.8,237,0.5
2020,6,21,10,45,16,496,512,25.5,77.8,213,0.5
2020,6,21,11,45,657,268,921,25.0,80.7,203,0.8
2020,6,21,12,45,70,418,487,24.4,84.7,204,1.0
2020,6,21,13,45,0,249,249,24.1,87.5,219,0.8
2020,6,21,14,45,3,302,304,25.0,83.8,277,0.3
2020,6,21,15,45,217,292,430,26.0,79.1,281,0.6
2020,6,21,16,45,414,153,319,25.8,78.9,262,1.4
2020,6,21,17,45,446,59,164,25.6,80.8,264,1.4
2020,6,21,18,45,30,12,15,25.0,84.5,275,1.1
2020,6,21,19,45,0,0,0,25.1,85.5,306,0.9
2020,6,21,20,45,0,0,0,25.3,84.3,353,0.8
2020,6,21,21,45,0,0,0,24.8,85.5,30,0.7
2020,6,21,22,45,0,0,0,24.0,88.3,48,0.7
2020,6,21,23,45,0,0,0,23.5,89.9,45,0.6
2020,6,22,0,45,0,0,0,23.0,90.7,24,0.5
2020,6,22,1,45,0,0,0,22.7,90.7,10,0.6
2020,6,22,2,45,0,0,0,22.4,90.1,23,0.9
2020,6,22,3,45,0,0,0,22.6,88.8,33,1.0
2020,6,22,4,45,0,1,1,23.5,85.1,33,0.8
2020,6,22,5,45,0,12,12,23.9,84.6,34,0.5
2020,6,22,6,45,0,62,62,24.7,81.9,122,0.2
2020,6,22,7,45,499,166,459,25.5,76.9,199,0.7
2020,6,22,8,45,602,202,650,25.6,75.8,201,1.3
2020,6,22,9,45,762,168,827,26.3,72.2,196,1.7
2020,6,22,10,45,606,278,857,27.4,67.7,192,1.9
2020,6,22,11,45,214,491,702,27.8,66.7,192,2.0
2020,6,22,12,45,274,455,724,28.1,67.0,192,2.0
2020,6,22,13,45,0,427,427,28.4,68.3,193,1.8
2020,6,22,14,45,39,357,385,28.2,69.3,185,1.6
2020,6,22,15,45,61,336,376,27.7,70.7,165,1.2
2020,6,22,16,45,138,210,269,27.2,72.8,147,0.8
2020,6,22,17,45,35,109,118,27.4,73.5,139,0.5
2020,6,22,18,45,3,13,14,27.0,77.9,143,0.5
2020,6,22,19,45,0,0,0,26.4,83.9,142,0.6
2020,6,22,20,45,0,0,0,25.8,86.9,110,0.4
2020,6,22,21,45,0,0,0,24.6,90.3,57,0.4
2020,6,22,22,45,0,0,0,23.8,92.7,37,0.5
2020,6,22,23,45,0,0,0,23.7,92.4,29,0.5
2020,6,23,0,45,0,0,0,23.7,91.9,14,0.4
2020,6,23,1,45,0,0,0,23.8,91.0,347,0.6
2020,6,23,2,45,0,0,0,23.5,92.2,357,0.7
2020,6,23,3,45,0,0,0,23.4,92.4,23,0.7
2020,6,23,4,45,0,1,1,23.6,91.9,9,0.6
2020,6,23,5,45,0,4,4,23.8,91.9,338,0.8
2020,6,23,6,45,0,10,10,24.8,90.3,334,0.9
2020,6,23,7,45,0,17,17,25.6,87.1,329,0.9
2020,6,23,8,45,0,102,102,25.6,84.5,304,0.8
2020,6,23,9,45,0,263,263,25.8,82.1,278,0.7
2020,6,23,10,45,0,252,252,26.1,82.3,257,0.7
2020,6,23,11,45,0,476,476,25.6,86.1,244,0.9
2020,6,23,12,45,211,472,675,25.7,87.7,236,1.1
2020,6,23,13,45,273,413,662,26.6,88.0,230,1.2
2020,6,23,14,45,126,394,498,26.9,88.3,216,1.0
2020,6,23,15,45,0,298,298,26.7,88.5,200,0.6
2020,6,23,16,45,71,220,249,26.4,91.2,198,0.3
2020,6,23,17,45,225,90,137,26.2,93.7,168,0.2
2020,6,23,18,45,1,12,12,26.0,93.1,39,0.4
2020,6,23,19,45,0,0,0,25.5,93.4,25,0.7
2020,6,23,20,45,0,0,0,25.0,93.6,21,0.7
2020,6,23,21,45,0,0,0,24.5,94.7,10,0.6
2020,6,23,22,45,0,0,0,24.3,95.9,353,0.5
2020,6,23,23,45,0,0,0,24.6,93.9,342,0.5
2020,6,24,0,45,0,0,0,24.6,93.3,349,0.5
2020,6,24,1,45,0,0,0,24.4,93.0,17,0.6
2020,6,24,2,45,0,0,0,24.2,92.7,27,0.9
2020,6,24,3,45,0,0,0,24.0,93.6,25,0.9
2020,6,24,4,45,0,0,0,23.9,93.6,27,0.9
2020,6,24,5,45,0,13,13,23.9,93.3,24,1.0
2020,6,24,6,45,0,51,51,24.7,91.9,24,0.9
2020,6,24,7,45,0,170,170,25.6,89.8,67,0.3
2020,6,24,8,45,242,309,496,26.0,89.6,180,0.6
2020,6,24,9,45,681,203,793,26.8,88.3,182,1.2
2020,6,24,10,45,560,297,833,27.6,85.5,186,1.4
2020,6,24,11,45,592,295,883,27.6,83.8,187,1.6
2020,6,24,12,45,418,383,792,28.1,80.6,181,1.2
2020,6,24,13,45,241,436,652,28.0,81.6,129,0.3
2020,6,24,14,45,429,288,629,27.7,82.3,201,0.5
2020,6,24,15,45,34,310,333,28.4,78.8,210,1.1
2020,6,24,16,45,0,157,157,28.3,79.2,200,0.4
2020,6,24,17,45,0,81,81,27.2,83.0,49,0.1
2020,6,24,18,45,0,11,11,26.3,86.4,50,0.4
2020,6,24,19,45,0,0,0,25.6,90.1,31,0.5
2020,6,24,20,45,0,0,0,25.1,93.1,28,0.5
2020,6,24,21,45,0,0,0,24.6,94.2,30,0.7
2020,6,24,22,45,0,0,0,24.1,95.0,29,0.6
2020,6,24,23,45,0,0,0,24.1,94.4,26,0.4
2020,6,25,0,45,0,0,0,24.0,94.1,14,0.4
2020,6,25,1,45,0,0,0,23.5,95.3,24,0.6
2020,6,25,2,45,0,0,0,23.7,95.3,27,0.8
2020,6,25,3,45,0,0,0,23.8,94.7,7,0.6
2020,6,25,4,45,0,1,1,24.2,93.3,356,0.9
2020,6,25,5,45,0,6,6,24.9,91.1,8,1.2
2020,6,25,6,45,0,82,82,25.6,89.3,27,0.6
2020,6,25,7,45,0,159,159,26.0,88.8,138,0.4
2020,6,25,8,45,0,278,278,26.4,89.1,180,1.0
2020,6,25,9,45,28,472,497,27.3,87.3,195,1.4
2020,6,25,10,45,8,538,545,27.6,84.7,204,1.8
2020,6,25,11,45,74,556,630,26.8,86.0,212,1.8
2020,6,25,12,45,0,425,425,26.0,90.1,211,1.1
2020,6,25,13,45,0,185,185,25.9,90.9,185,0.7
2020,6,25,14,45,0,199,199,25.5,90.6,170,0.9
2020,6,25,15,45,0,181,181,24.0,91.6,174,1.1
2020,6,25,16,45,0,53,53,23.3,93.3,175,1.2
2020,6,25,17,45,0,35,35,23.3,94.7,160,1.2
2020,6,25,18,45,0,5,5,23.0,95.3,143,1.0
2020,6,25,19,45,0,0,0,23.2,96.1,137,0.9
2020,6,25,20,45,0,0,0,23.4,96.7,138,0.7
2020,6,25,21,45,0,0,0,23.2,97.3,159,0.5
2020,6,25,22,45,0,0,0,23.1,96.7,209,0.6
2020,6,25,23,45,0,0,0,23.1,96.1,254,0.8
2020,6,26,0,45,0,0,0,23.0,96.4,285,1.0
2020,6,26,1,45,0,0,0,23.0,96.4,298,1.1
2020,6,26,2,45,0,0,0,23.0,96.4,331,0.6
2020,6,26,3,45,0,0,0,23.0,96.1,23,0.4
2020,6,26,4,45,0,1,1,23.3,94.4,19,0.3
2020,6,26,5,45,0,10,10,23.3,93.6,342,0.2
2020,6,26,6,45,0,43,43,23.5,93.0,289,0.3
2020,6,26,7,45,0,121,121,24.2,91.3,284,0.4
2020,6,26,8,45,0,303,303,24.3,92.2,265,0.5
2020,6,26,9,45,42,419,457,24.6,90.8,243,0.9
2020,6,26,10,45,136,527,655,25.4,85.8,234,1.4
2020,6,26,11,45,0,553,553,25.7,83.8,233,1.8
2020,6,26,12,45,13,533,545,26.5,81.9,236,1.8
2020,6,26,13,45,19,514,531,27.7,79.4,236,1.8
2020,6,26,14,45,0,419,419,27.8,79.1,241,1.7
2020,6,26,15,45,1,341,342,27.4,81.7,241,1.3
2020,6,26,16,45,0,205,205,27.2,83.9,196,0.6
2020,6,26,17,45,0,97,97,27.3,82.7,141,0.7
2020,6,26,18,45,2,13,13,27.0,83.2,119,0.7
2020,6,26,19,45,0,0,0,26.6,86.5,94,0.8
2020,6,26,20,45,0,0,0,26.4,88.5,96,0.9
2020,6,26,21,45,0,0,0,25.9,89.3,99,0.9
2020,6,26,22,45,0,0,0,25.0,90.9,93,0.8
2020,6,26,23,45,0,0,0,24.7,91.9,80,0.6
2020,6,27,0,45,0,0,0,24.3,93.0,53,0.5
2020,6,27,1,45,0,0,0,23.9,94.1,26,0.5
2020,6,27,2,45,0,0,0,23.5,95.0,49,0.4
2020,6,27,3,45,0,0,0,23.2,95.8,85,0.6
2020,6,27,4,45,0,1,1,23.6,93.9,78,0.7
2020,6,27,5,45,0,19,19,24.1,91.6,67,0.7
2020,6,27,6,45,0,60,60,25.0,88.2,94,0.4
2020,6,27,7,45,31,233,253,26.0,84.8,169,0.4
2020,6,27,8,45,216,367,530,26.0,86.1,198,0.8
2020,6,27,9,45,77,508,573,26.3,86.4,207,1.3
2020,6,27,10,45,4,574,578,27.2,84.2,213,1.7
2020,6,27,11,45,0,544,544,27.6,82.7,215,1.8
2020,6,27,12,45,0,311,311,27.6,83.7,207,1.6
2020,6,27,13,45,0,431,431,27.3,86.3,218,1.6
2020,6,27,14,45,0,398,398,26.4,85.6,229,1.5
2020,6,27,15,45,0,199,199,25.2,85.8,197,1.2
2020,6,27,16,45,0,61,61,24.7,89.5,147,1.1
2020,6,27,17,45,0,43,43,24.6,92.2,112,1.4
2020,6,27,18,45,0,8,8,24.3,93.6,98,1.8
2020,6,27,19,45,0,0,0,24.1,95.9,98,2.2
2020,6,27,20,45,0,0,0,24.0,97.3,103,2.4
2020,6,27,21,45,0,0,0,23.9,97.9,106,2.0
2020,6,27,22,45,0,0,0,23.9,98.5,84,1.0
2020,6,27,23,45,0,0,0,24.2,97.3,355,0.6
2020,6,28,0,45,0,0,0,24.0,95.9,336,0.7
2020,6,28,1,45,0,0,0,23.5,95.9,30,0.5
2020,6,28,2,45,0,0,0,23.0,97.0,55,0.6
2020,6,28,3,45,0,0,0,22.9,97.6,38,0.6
2020,6,28,4,45,0,0,0,23.4,95.3,19,0.6
2020,6,28,5,45,0,15,15,23.7,93.0,27,0.7
2020,6,28,6,45,0,136,136,24.2,90.5,80,0.6
2020,6,28,7,45,203,269,386,25.0,86.6,139,0.8
2020,6,28,8,45,20,426,441,25.5,83.0,162,1.2
2020,6,28,9,45,7,521,527,26.4,78.7,182,1.5
2020,6,28,10,45,0,506,506,27.0,78.1,189,1.9
2020,6,28,11,45,0,458,458,26.8,81.9,187,2.1
2020,6,28,12,45,0,362,362,26.8,83.9,185,1.6
2020,6,28,13,45,0,300,300,27.4,84.5,179,0.8
2020,6,28,14,45,0,267,267,26.2,87.7,143,0.7
2020,6,28,15,45,0,223,223,25.0,90.6,132,0.7
2020,6,28,16,45,17,209,215,24.8,90.6,217,0.2
2020,6,28,17,45,30,102,110,25.0,89.5,217,0.2
2020,6,28,18,45,0,11,11,25.3,89.5,124,0.7
2020,6,28,19,45,0,0,0,24.8,92.8,114,1.1
2020,6,28,20,45,0,0,0,24.5,93.9,109,1.4
2020,6,28,21,45,0,0,0,24.7,93.0,106,1.4
2020,6,28,22,45,0,0,0,24.7,93.3,110,1.1
2020,6,28,23,45,0,0,0,24.8,92.5,104,0.8
2020,6,29,0,45,0,0,0,24.4,92.2,98,1.0
2020,6,29,1,45,0,0,0,23.8,93.9,106,1.4
2020,6,29,2,45,0,0,0,23.4,95.6,120,1.6
2020,6,29,3,45,0,0,0,23.3,95.6,130,1.6
2020,6,29,4,45,0,0,0,23.6,93.0,128,1.5
2020,6,29,5,45,0,3,3,23.6,91.0,128,1.5
2020,6,29,6,45,0,16,16,23.8,91.3,129,1.6
2020,6,29,7,45,0,28,28,24.0,92.5,127,1.6
2020,6,29,8,45,0,111,111,24.0,94.2,135,1.3
2020,6,29,9,45,0,162,162,24.0,95.3,156,1.2
2020,6,29,10,45,0,299,299,25.1,93.9,173,1.3
2020,6,29,11,45,0,325,325,26.6,89.6,183,1.2
2020,6,29,12,45,0,260,260,27.6,85.8,180,0.9
2020,6,29,13,45,0,177,177,27.7,83.3,167,0.7
2020,6,29,14,45,0,319,319,26.0,87.0,123,0.8
2020,6,29,15,45,0,186,186,24.9,90.6,124,1.0
2020,6,29,16,45,0,126,126,25.0,89.2,171,1.0
2020,6,29,17,45,0,100,100,24.8,89.2,194,0.8
2020,6,29,18,45,0,8,8,24.2,91.4,173,0.5
2020,6,29,19,45,0,0,0,23.2,95.0,126,0.6
2020,6,29,20,45,0,0,0,22.9,96.1,104,0.9
2020,6,29,21,45,0,0,0,22.8,96.4,93,1.0
2020,6,29,22,45,0,0,0,22.4,96.7,71,0.8
2020,6,29,23,45,0,0,0,22.5,95.8,38,0.8
2020,6,30,0,45,0,0,0,22.2,95.5,25,0.8
2020,6,30,1,45,0,0,0,22.2,95.2,20,0.7
2020,6,30,2,45,0,0,0,22.2,95.5,20,0.7
2020,6,30,3,45,0,0,0,22.6,95.8,11,0.9
2020,6,30,4,45,0,1,1,23.6,92.4,357,1.0
2020,6,30,5,45,0,40,40,24.2,90.0,357,1.0
2020,6,30,6,45,175,154,225,25.2,86.9,348,0.6
2020,6,30,7,45,442,199,447,26.5,81.1,282,0.3
2020,6,30,8,45,426,287,599,27.1,78.8,239,0.6
2020,6,30,9,45,178,458,608,28.0,76.6,230,0.9
2020,6,30,10,45,50,551,600,29.2,73.8,224,1.3
2020,6,30,11,45,246,498,742,29.2,74.9,217,1.7
2020,6,30,12,45,109,550,656,28.2,77.5,213,1.7
2020,6,30,13,45,40,523,560,28.0,78.9,217,1.4
2020,6,30,14,45,0,347,347,28.4,77.3,218,1.2
2020,6,30,15,45,0,106,106,28.6,74.6,226,0.9
2020,6,30,16,45,35,115,127,28.5,76.0,216,0.8
2020,6,30,17,45,119,101,129,28.0,78.9,192,1.0
2020,6,30,18,45,11,13,14,27.4,81.5,180,1.0
2020,6,30,19,45,0,0,0,26.3,86.7,170,0.9
2020,6,30,20,45,0,0,0,25.6,90.6,154,0.6
2020,6,30,21,45,0,0,0,25.0,92.8,120,0.4
2020,6,30,22,45,0,0,0,24.5,95.0,74,0.4
2020,6,30,23,45,0,0,0,24.6,95.0,32,0.5
2020,7,1,0,45,0,0,0,24.2,95.3,22,0.5
2020,7,1,1,45,0,0,0,23.9,95.0,31,0.6
2020,7,1,2,45,0,0,0,23.6,93.3,45,0.7
2020,7,1,3,45,0,0,0,23.2,91.9,38,0.8
2020,7,1,4,45,0,1,1,23.6,89.9,19,0.7
2020,7,1,5,45,0,28,28,24.0,89.7,9,0.7
2020,7,1,6,45,82,153,188,25.2,87.4,315,0.5
2020,7,1,7,45,52,229,255,26.4,82.6,239,0.8
2020,7,1,8,45,0,331,331,26.4,82.4,215,1.2
2020,7,1,9,45,0,360,360,26.9,81.0,205,1.4
2020,7,1,10,45,0,513,513,28.1,77.1,201,1.7
2020,7,1,11,45,293,474,765,28.5,76.9,203,1.8
2020,7,1,12,45,324,451,767,28.4,78.0,211,1.9
2020,7,1,13,45,163,482,631,28.4,78.0,217,1.8
2020,7,1,14,45,13,438,449,28.7,77.2,224,1.5
2020,7,1,15,45,0,296,296,28.6,76.9,228,1.1
2020,7,1,16,45,12,233,239,28.0,78.9,212,1.0
2020,7,1,17,45,97,107,126,27.9,80.6,213,0.8
2020,7,1,18,45,22,13,16,27.3,82.7,223,0.7
2020,7,1,19,45,0,0,0,26.5,86.2,210,0.7
2020,7,1,20,45,0,0,0,26.2,88.0,224,0.3
2020,7,1,21,45,0,0,0,25.7,90.4,359,0.3
2020,7,1,22,45,0,0,0,25.1,92.5,41,0.5
2020,7,1,23,45,0,0,0,25.0,92.5,41,0.5
2020,7,2,0,45,0,0,0,24.8,93.3,37,0.5
2020,7,2,1,45,0,0,0,25.0,92.5,29,0.5
2020,7,2,2,45,0,0,0,24.3,92.8,34,0.6
2020,7,2,3,45,0,0,0,23.8,94.1,45,0.7
2020,7,2,4,45,0,1,1,24.4,91.6,23,0.7
2020,7,2,5,45,0,11,11,24.7,90.8,357,0.8
2020,7,2,6,45,0,28,28,25.0,91.1,348,0.8
2020,7,2,7,45,0,194,194,25.6,89.8,311,0.6
2020,7,2,8,45,0,324,324,26.2,88.2,265,0.9
2020,7,2,9,45,26,493,517,27.2,84.2,254,1.4
2020,7,2,10,45,166,516,674,28.6,78.1,251,1.8
2020,7,2,11,45,65,591,656,29.2,74.5,248,2.0
2020,7,2,12,45,38,591,628,29.9,72.4,244,2.2
2020,7,2,13,45,0,507,507,30.0,73.1,235,2.2
2020,7,2,14,45,1,438,438,28.9,77.2,231,1.6
2020,7,2,15,45,0,293,293,28.0,80.8,207,0.4
2020,7,2,16,45,0,160,160,27.6,84.5,89,0.5
2020,7,2,17,45,0,73,73,27.6,83.8,103,0.7
2020,7,2,18,45,0,11,11,27.5,83.0,121,0.8
2020,7,2,19,45,0,0,0,27.1,87.3,140,0.9
2020,7,2,20,45,0,0,0,27.0,89.9,132,0.8
2020,7,2,21,45,0,0,0,26.6,91.0,99,0.6
2020,7,2,22,45,0,0,0,26.1,92.0,79,0.8
2020,7,2,23,45,0,0,0,26.0,92.0,87,0.8
2020,7,3,0,45,0,0,0,25.6,93.4,109,0.7
2020,7,3,1,45,0,0,0,25.3,94.5,130,0.9
2020,7,3,2,45,0,0,0,25.2,94.2,121,1.1
2020,7,3,3,45,0,0,0,24.9,93.9,113,1.3
2020,7,3,4,45,0,0,0,24.8,93.6,122,1.3
2020,7,3,5,45,0,6,6,25.0,93.9,124,1.4
2020,7,3,6,45,0,18,18,24.7,95.0,117,1.4
2020,7,3,7,45,0,27,27,24.1,96.7,114,1.4
2020,7,3,8,45,0,33,33,23.7,98.5,115,1.5
2020,7,3,9,45,0,91,91,23.5,99.4,103,1.6
2020,7,3,10,45,0,176,176,23.6,99.1,84,1.6
2020,7,3,11,45,0,284,284,23.9,98.5,78,1.4
2020,7,3,12,45,46,514,558,24.3,96.8,83,1.2
2020,7,3,13,45,51,504,551,24.8,95.9,102,1.4
2020,7,3,14,45,0,435,435,24.5,97.9,88,1.3
2020,7,3,15,45,0,353,353,24.2,99.7,44,1.0
2020,7,3,16,45,0,208,208,24.7,99.7,13,0.9
2020,7,3,17,45,0,85,85,25.3,98.2,348,0.6
2020,7,3,18,45,0,11,11,25.1,97.6,53,0.2
2020,7,3,19,45,0,0,0,24.4,98.2,108,0.4
2020,7,3,20,45,0,0,0,24.3,97.9,66,0.8
2020,7,3,21,45,0,0,0,24.2,97.6,53,1.3
2020,7,3,22,45,0,0,0,23.9,97.0,42,1.3
2020,7,3,23,45,0,0,0,23.6,95.9,34,1.3
2020,7,4,0,45,0,0,0,23.5,95.3,31,1.3
2020,7,4,1,45,0,0,0,23.4,94.4,30,1.2
2020,7,4,2,45,0,0,0,23.1,93.3,36,1.1
2020,7,4,3,45,0,0,0,22.8,92.1,43,0.9
2020,7,4,4,45,0,0,0,23.0,91.6,53,0.8
2020,7,4,5,45,0,3,3,23.6,91.9,56,0.9
2020,7,4,6,45,0,9,9,24.8,90.0,31,1.0
2020,7,4,7,45,0,15,15,26.2,88.2,7,0.8
2020,7,4,8,45,0,44,44,27.2,83.7,337,0.3
2020,7,4,9,45,0,167,167,28.0,75.7,221,0.4
2020,7,4,10,45,0,276,276,28.0,75.2,204,1.2
2020,7,4,11,45,0,323,323,26.8,83.0,210,1.8
2020,7,4,12,45,0,383,383,25.7,88.7,194,1.8
2020,7,4,13,45,0,472,472,26.4,90.1,161,1.6
2020,7,4,14,45,119,428,520,27.0,88.3,142,1.3
2020,7,4,15,45,217,305,434,27.1,86.8,124,1.5
2020,7,4,16,45,179,197,281,27.3,86.3,120,1.7
2020,7,4,17,45,22,104,110,27.4,85.5,123,1.2
2020,7,4,18,45,0,12,12,26.8,87.0,105,0.7
2020,7,4,19,45,0,0,0,25.8,92.0,76,0.6
2020,7,4,20,45,0,0,0,25.4,95.6,69,0.7
2020,7,4,21,45,0,0,0,25.0,95.6,74,0.7
2020,7,4,22,45,0,0,0,24.4,94.5,74,0.7
2020,7,4,23,45,0,0,0,24.3,92.2,76,0.8
2020,7,5,0,45,0,0,0,24.2,92.2,63,0.9
2020,7,5,1,45,0,0,0,24.0,92.7,55,0.9
2020,7,5,2,45,0,0,0,23.4,93.3,54,1.0
2020,7,5,3,45,0,0,0,22.8,94.4,45,1.0
2020,7,5,4,45,0,0,0,23.2,93.5,36,0.7
2020,7,5,5,45,0,5,5,23.7,92.7,42,0.5
2020,7,5,6,45,0,10,10,24.1,92.5,66,0.2
2020,7,5,7,45,47,195,223,24.7,91.7,135,0.1
2020,7,5,8,45,0,164,164,25.3,90.1,187,0.4
2020,7,5,9,45,0,232,232,25.9,87.4,175,0.6
2020,7,5,10,45,0,338,338,26.4,83.6,155,0.6
2020,7,5,11,45,0,352,352,26.2,82.3,151,0.4
2020,7,5,12,45,276,446,712,26.4,81.1,171,0.4
2020,7,5,13,45,753,182,861,27.1,79.3,184,0.8
2020,7,5,14,45,733,165,742,26.6,83.7,158,0.5
2020,7,5,15,45,571,180,542,26.6,85.2,144,0.3
2020,7,5,16,45,267,188,304,27.2,82.5,199,0.6
2020,7,5,17,45,71,94,115,27.4,82.0,222,0.6
2020,7,5,18,45,0,11,11,26.8,84.4,212,0.5
2020,7,5,19,45,0,0,0,25.4,91.7,151,0.3
2020,7,5,20,45,0,0,0,24.7,95.6,66,0.5
2020,7,5,21,45,0,0,0,24.2,95.3,72,0.8
2020,7,5,22,45,0,0,0,23.7,95.3,63,0.9
2020,7,5,23,45,0,0,0,23.8,94.1,42,1.1
2020,7,6,0,45,0,0,0,23.6,93.6,30,1.2
2020,7,6,1,45,0,0,0,23.4,92.4,21,1.2
2020,7,6,2,45,0,0,0,23.6,92.2,20,1.2
2020,7,6,3,45,0,0,0,23.6,92.7,20,1.0
2020,7,6,4,45,0,1,1,23.9,90.5,17,1.0
2020,7,6,5,45,66,43,58,24.6,88.9,22,1.1
2020,7,6,6,45,486,101,278,25.6,86.4,48,0.7
2020,7,6,7,45,668,122,494,26.5,84.1,124,0.8
2020,7,6,8,45,467,264,599,26.5,85.7,152,1.7
2020,7,6,9,45,268,410,643,26.9,85.7,160,2.2
2020,7,6,10,45,39,521,556,27.6,83.0,166,2.3
2020,7,6,11,45,0,445,445,27.2,85.0,171,1.8
2020,7,6,12,45,0,183,183,25.7,91.5,184,1.0
2020,7,6,13,45,0,269,269,25.4,90.9,200,0.7
2020,7,6,14,45,131,412,511,26.3,85.6,208,0.7
2020,7,6,15,45,86,329,387,26.5,83.4,207,1.0
2020,7,6,16,45,28,229,241,26.5,83.9,216,0.8
2020,7,6,17,45,0,107,107,26.3,85.9,336,0.4
2020,7,6,18,45,0,10,10,25.8,88.0,33,0.7
2020,7,6,19,45,0,0,0,25.1,91.1,54,0.7
2020,7,6,20,45,0,0,0,24.8,93.3,48,0.7
2020,7,6,21,45,0,0,0,24.4,94.2,38,0.6
2020,7,6,22,45,0,0,0,23.8,95.3,22,0.4
2020,7,6,23,45,0,0,0,23.7,95.3,0,0.3
2020,7,7,0,45,0,0,0,23.4,95.6,0,0.4
2020,7,7,1,45,0,0,0,23.1,95.6,6,0.5
2020,7,7,2,45,0,0,0,23.1,95.6,9,0.7
2020,7,7,3,45,0,0,0,23.2,95.8,360,0.8
2020,7,7,4,45,0,0,0,23.3,95.0,342,0.7
2020,7,7,5,45,0,4,4,23.6,93.6,329,0.3
2020,7,7,6,45,0,9,9,24.0,94.2,108,0.2
2020,7,7,7,45,0,15,15,24.3,95.3,112,0.3
2020,7,7,8,45,0,24,24,24.2,96.2,38,0.4
2020,7,7,9,45,0,67,67,23.9,98.2,12,0.9
2020,7,7,10,45,0,100,100,23.9,99.7,15,1.1
2020,7,7,11,45,0,185,185,23.8,100.0,23,0.9
2020,7,7,12,45,0,173,173,24.2,99.7,74,0.5
2020,7,7,13,45,0,139,139,24.7,99.1,138,0.9
2020,7,7,14,45,0,114,114,24.5,98.5,147,1.4
2020,7,7,15,45,0,110,110,24.3,97.9,141,1.3
2020,7,7,16,45,0,130,130,24.3,97.6,106,1.1
2020,7,7,17,45,0,84,84,24.4,96.5,72,1.1
2020,7,7,18,45,0,10,10,24.4,95.3,56,1.1
2020,7,7,19,45,0,0,0,23.9,96.2,39,1.0
2020,7,7,20,45,0,0,0,23.7,96.4,25,0.9
2020,7,7,21,45,0,0,0,23.7,95.9,17,0.8
2020,7,7,22,45,0,0,0,23.7,95.0,14,0.8
2020,7,7,23,45,0,0,0,23.7,93.0,10,0.9
2020,7,8,0,45,0,0,0,23.5,93.3,10,0.9
2020,7,8,1,45,0,0,0,23.2,95.0,11,0.8
2020,7,8,2,45,0,0,0,23.0,96.4,24,0.9
2020,7,8,3,45,0,0,0,22.8,97.6,25,1.2
2020,7,8,4,45,0,0,0,23.1,96.7,15,1.0
2020,7,8,5,45,0,4,4,23.3,96.4,15,0.8
2020,7,8,6,45,0,11,11,23.8,95.6,17,0.5
2020,7,8,7,45,0,18,18,24.4,93.9,38,0.3
2020,7,8,8,45,0,38,38,24.2,95.0,72,0.3
2020,7,8,9,45,0,147,147,24.0,95.6,73,0.2
2020,7,8,10,45,0,375,375,24.4,93.6,349,0.1
2020,7,8,11,45,35,556,591,24.7,91.7,327,0.1
2020,7,8,12,45,168,492,654,26.0,86.7,355,0.5
2020,7,8,13,45,597,254,793,27.7,81.8,10,0.7
2020,7,8,14,45,819,109,752,26.9,87.1,56,0.3
2020,7,8,15,45,349,243,470,26.0,92.6,128,0.3
2020,7,8,16,45,0,219,219,26.3,90.1,216,0.3
2020,7,8,17,45,102,103,120,26.3,89.9,274,0.7
2020,7,8,18,45,32,12,16,25.8,92.3,309,0.4
2020,7,8,19,45,0,0,0,25.0,95.6,37,0.4
2020,7,8,20,45,0,0,0,24.5,97.6,35,0.8
2020,7,8,21,45,0,0,0,24.2,97.9,36,0.9
2020,7,8,22,45,0,0,0,23.8,98.2,35,0.6
2020,7,8,23,45,0,0,0,23.8,97.6,20,0.3
2020,7,9,0,45,0,0,0,23.9,97.0,351,0.3
2020,7,9,1,45,0,0,0,23.9,97.0,353,0.5
2020,7,9,2,45,0,0,0,23.5,97.6,12,0.7
2020,7,9,3,45,0,0,0,23.5,97.9,28,0.9
2020,7,9,4,45,0,1,1,24.1,95.3,35,1.0
2020,7,9,5,45,0,34,34,24.8,92.5,33,1.0
2020,7,9,6,45,216,128,213,25.8,89.6,34,0.7
2020,7,9,7,45,772,78,504,26.9,87.5,76,0.2
2020,7,9,8,45,723,142,663,27.2,88.9,201,0.5
2020,7,9,9,45,485,299,713,28.0,85.6,213,1.1
2020,7,9,10,45,238,460,684,28.7,81.9,212,1.6
2020,7,9,11,45,126,533,658,28.1,85.6,205,1.8
2020,7,9,12,45,0,479,479,28.2,89.2,202,1.5
2020,7,9,13,45,19,498,516,28.0,90.8,209,1.1
2020,7,9,14,45,0,378,378,27.4,89.9,236,0.8
2020,7,9,15,45,0,245,245,27.7,85.5,318,0.3
2020,7,9,16,45,0,195,195,27.5,85.0,88,0.3
2020,7,9,17,45,0,96,96,27.3,85.5,153,0.5
2020,7,9,18,45,0,7,7,27.0,86.8,127,0.5
2020,7,9,19,45,0,0,0,25.8,91.2,100,0.8
2020,7,9,20,45,0,0,0,25.0,91.7,116,0.9
2020,7,9,21,45,0,0,0,24.8,91.4,130,0.9
2020,7,9,22,45,0,0,0,24.5,93.3,133,1.0
2020,7,9,23,45,0,0,0,24.7,93.9,120,1.0
2020,7,10,0,45,0,0,0,24.7,93.6,99,0.9
2020,7,10,1,45,0,0,0,24.4,94.5,84,0.9
2020,7,10,2,45,0,0,0,23.9,96.5,80,0.9
2020,7,10,3,45,0,0,0,23.5,97.6,90,0.7
2020,7,10,4,45,0,0,0,24.0,95.3,114,0.6
2020,7,10,5,45,0,15,15,24.5,93.0,128,0.8
2020,7,10,6,45,0,131,131,24.5,93.6,128,1.2
2020,7,10,7,45,0,207,207,24.4,94.4,132,1.5
2020,7,10,8,45,0,271,271,24.1,94.2,146,1.3
2020,7,10,9,45,0,315,315,24.8,93.1,168,1.2
2020,7,10,10,45,0,359,359,25.8,90.9,180,1.2
2020,7,10,11,45,4,547,551,25.6,91.4,187,1.2
2020,7,10,12,45,4,567,571,25.5,93.1,195,1.1
2020,7,10,13,45,0,411,411,26.1,92.6,191,1.0
2020,7,10,14,45,0,317,317,25.0,94.5,188,0.8
2020,7,10,15,45,0,270,270,24.1,97.3,195,0.8
2020,7,10,16,45,0,187,187,24.3,97.3,187,0.9
2020,7,10,17,45,2,75,75,24.7,95.0,172,0.8
2020,7,10,18,45,1,10,10,24.7,94.5,146,0.5
2020,7,10,19,45,0,0,0,24.2,97.0,119,0.5
2020,7,10,20,45,0,0,0,24.2,98.2,128,1.0
2020,7,10,21,45,0,0,0,24.0,97.3,141,1.3
2020,7,10,22,45,0,0,0,23.8,98.2,150,1.2
2020,7,10,23,45,0,0,0,23.7,99.7,155,1.1
2020,7,11,0,45,0,0,0,23.4,100.0,165,0.9
2020,7,11,1,45,0,0,0,23.0,100.0,177,0.9
2020,7,11,2,45,0,0,0,22.8,100.0,157,1.1
2020,7,11,3,45,0,0,0,22.6,100.0,143,1.3
2020,7,11,4,45,0,0,0,23.0,99.7,147,1.0
2020,7,11,5,45,0,8,8,23.2,99.7,155,0.7
2020,7,11,6,45,0,27,27,23.0,99.7,179,0.7
2020,7,11,7,45,0,195,195,22.4,99.7,199,0.9
2020,7,11,8,45,10,392,400,21.7,100.0,198,1.0
2020,7,11,9,45,0,480,480,22.0,100.0,202,0.9
2020,7,11,10,45,0,459,459,22.6,99.7,214,1.1
2020,7,11,11,45,0,404,404,23.0,97.6,222,1.1
2020,7,11,12,45,0,207,207,24.6,93.1,232,1.1
2020,7,11,13,45,0,198,198,25.8,89.5,234,1.3
2020,7,11,14,45,0,260,260,25.2,90.6,247,1.3
2020,7,11,15,45,0,282,282,24.7,93.3,278,0.8
2020,7,11,16,45,0,196,196,24.8,93.3,289,0.5
2020,7,11,17,45,1,106,106,25.2,90.9,289,0.4
2020,7,11,18,45,0,11,11,25.5,88.5,45,0.1
2020,7,11,19,45,0,0,0,25.2,90.6,105,0.4
2020,7,11,20,45,0,0,0,24.7,93.9,103,0.7
2020,7,11,21,45,0,0,0,24.7,94.2,106,0.4
2020,7,11,22,45,0,0,0,24.8,94.2,27,0.1
2020,7,11,23,45,0,0,0,25.0,94.2,48,0.4
2020,7,12,0,45,0,0,0,24.6,95.6,94,0.6
2020,7,12,1,45,0,0,0,24.3,96.2,132,0.6
2020,7,12,2,45,0,0,0,23.5,95.9,130,0.3
2020,7,12,3,45,0,0,0,22.7,96.7,83,0.4
2020,7,12,4,45,0,0,0,22.8,96.7,85,0.7
2020,7,12,5,45,0,5,5,22.7,96.7,94,0.8
2020,7,12,6,45,0,24,24,22.7,96.4,99,0.7
2020,7,12,7,45,0,82,82,22.4,97.0,134,0.5
2020,7,12,8,45,134,300,404,21.8,98.8,191,0.7
2020,7,12,9,45,295,399,645,22.6,97.0,229,1.2
2020,7,12,10,45,232,442,667,24.2,91.6,243,1.7
2020,7,12,11,45,801,181,973,25.3,88.2,244,2.1
2020,7,12,12,45,599,293,878,26.4,87.0,241,2.2
2020,7,12,13,45,76,509,580,27.0,86.7,241,2.4
2020,7,12,14,45,114,420,507,27.1,84.0,254,2.2
2020,7,12,15,45,380,252,492,27.6,81.3,268,1.8
2020,7,12,16,45,100,221,269,27.9,81.6,259,1.5
2020,7,12,17,45,50,104,112,27.6,82.2,247,1.5
2020,7,12,18,45,12,12,13,26.5,83.9,255,1.3
2020,7,12,19,45,0,0,0,25.8,87.2,281,0.8
2020,7,12,20,45,0,0,0,25.5,89.3,335,0.3
2020,7,12,21,45,0,0,0,25.0,90.6,31,0.4
2020,7,12,22,45,0,0,0,24.4,91.4,53,0.5
2020,7,12,23,45,0,0,0,24.4,89.4,40,0.5
2020,7,13,0,45,0,0,0,23.8,89.9,19,0.5
2020,7,13,1,45,0,0,0,23.1,91.3,6,0.5
2020,7,13,2,45,0,0,0,23.4,91.0,0,0.4
2020,7,13,3,45,0,0,0,23.3,92.7,355,0.6
2020,7,13,4,45,0,0,0,23.0,93.8,356,0.7
2020,7,13,5,45,10,45,48,23.8,92.4,11,0.8
2020,7,13,6,45,479,100,270,25.1,88.2,6,0.4
2020,7,13,7,45,651,128,485,26.2,83.6,221,0.4
2020,7,13,8,45,743,145,680,26.4,82.4,215,1.0
2020,7,13,9,45,798,153,838,27.2,77.4,222,1.5
2020,7,13,10,45,815,165,938,28.5,71.1,230,1.8
2020,7,13,11,45,519,345,858,29.0,69.3,235,2.0
2020,7,13,12,45,274,471,738,29.0,68.4,238,2.2
2020,7,13,13,45,146,487,619,29.4,68.1,241,2.4
2020,7,13,14,45,322,354,604,29.3,69.3,242,2.3
2020,7,13,15,45,287,279,463,28.9,70.7,242,2.0
2020,7,13,16,45,0,216,216,28.7,73.1,238,1.5
2020,7,13,17,45,5,106,107,28.4,76.0,220,1.0
2020,7,13,18,45,9,13,14,27.6,80.1,176,0.7
2020,7,13,19,45,0,0,0,26.2,85.6,133,0.8
2020,7,13,20,45,0,0,0,25.8,87.4,97,0.9
2020,7,13,21,45,0,0,0,25.8,87.4,71,0.9
2020,7,13,22,45,0,0,0,25.6,87.7,59,0.9
2020,7,13,23,45,0,0,0,25.6,87.7,47,1.0
2020,7,14,0,45,0,0,0,25.0,89.5,43,1.0
2020,7,14,1,45,0,0,0,24.6,90.5,45,1.0
2020,7,14,2,45,0,0,0,23.4,92.4,56,0.7
2020,7,14,3,45,0,0,0,22.2,94.7,56,0.2
2020,7,14,4,45,0,0,0,22.9,93.0,10,0.3
2020,7,14,5,45,0,18,18,23.7,91.3,42,0.3
2020,7,14,6,45,0,133,133,24.4,89.7,122,0.4
2020,7,14,7,45,207,248,367,25.0,87.1,147,0.8
2020,7,14,8,45,13,394,404,25.2,84.8,167,1.2
2020,7,14,9,45,160,454,593,26.0,82.1,176,1.5
2020,7,14,10,45,166,507,664,27.0,80.5,178,1.7
2020,7,14,11,45,12,574,586,27.2,81.2,180,1.8
2020,7,14,12,45,0,505,505,27.9,79.9,180,1.8
2020,7,14,13,45,0,308,308,28.8,77.2,179,1.9
2020,7,14,14,45,0,162,162,28.2,76.4,168,1.9
2020,7,14,15,45,0,145,145,27.4,76.5,154,2.0
2020,7,14,16,45,6,176,178,27.2,78.6,158,2.0
2020,7,14,17,45,214,90,138,27.2,80.2,167,1.5
2020,7,14,18,45,12,10,11,26.6,81.9,162,1.2
2020,7,14,19,45,0,0,0,25.7,85.6,151,0.9
2020,7,14,20,45,0,0,0,25.4,88.4,126,0.9
2020,7,14,21,45,0,0,0,24.9,90.3,110,1.0
2020,7,14,22,45,0,0,0,24.5,91.9,103,1.1
2020,7,14,23,45,0,0,0,24.5,91.6,87,1.2
2020,7,15,0,45,0,0,0,24.5,90.8,83,1.2
2020,7,15,1,45,0,0,0,24.5,90.8,84,1.0
2020,7,15,2,45,0,0,0,24.0,92.5,105,0.8
2020,7,15,3,45,0,0,0,23.3,94.1,110,0.7
2020,7,15,4,45,0,0,0,23.6,93.0,73,0.5
2020,7,15,5,45,0,8,8,24.3,91.6,51,0.6
2020,7,15,6,45,0,27,27,25.1,90.6,58,0.8
2020,7,15,7,45,0,181,181,25.8,89.0,96,0.8
2020,7,15,8,45,0,278,278,26.0,90.1,137,1.2
2020,7,15,9,45,0,423,423,27.0,86.8,161,1.7
2020,7,15,10,45,0,358,358,28.2,79.7,171,1.9
2020,7,15,11,45,0,447,447,28.6,77.4,185,1.5
2020,7,15,12,45,188,486,667,28.9,76.5,194,1.4
2020,7,15,13,45,434,346,737,28.6,77.8,185,1.6
2020,7,15,14,45,476,281,655,27.0,84.0,158,1.1
2020,7,15,15,45,418,235,498,26.2,87.5,120,0.8
2020,7,15,16,45,343,169,317,26.6,85.9,115,0.8
2020,7,15,17,45,283,77,145,26.8,85.4,110,0.7
2020,7,15,18,45,10,11,13,26.4,87.0,72,0.6
2020,7,15,19,45,0,0,0,25.6,90.9,52,0.8
2020,7,15,20,45,0,0,0,25.3,93.4,47,0.7
2020,7,15,21,45,0,0,0,25.2,93.6,39,0.6
2020,7,15,22,45,0,0,0,25.1,93.4,39,0.6
2020,7,15,23,45,0,0,0,25.0,92.8,42,0.6
2020,7,16,0,45,0,0,0,24.5,93.6,45,0.6
2020,7,16,1,45,0,0,0,24.3,93.0,34,0.5
2020,7,16,2,45,0,0,0,24.2,92.2,41,0.7
2020,7,16,3,45,0,0,0,24.0,92.5,55,0.8
2020,7,16,4,45,0,0,0,24.2,91.6,42,0.7
2020,7,16,5,45,0,12,12,24.6,90.8,24,0.9
2020,7,16,6,45,6,83,86,25.6,87.7,10,0.7
2020,7,16,7,45,538,153,453,26.2,84.6,296,0.2
2020,7,16,8,45,694,158,658,26.4,83.6,193,0.7
2020,7,16,9,45,556,271,744,27.6,79.1,182,1.4
2020,7,16,10,45,302,433,718,28.2,78.7,187,1.7
2020,7,16,11,45,309,443,749,27.6,83.0,187,1.7
2020,7,16,12,45,285,448,726,28.3,82.1,184,1.6
2020,7,16,13,45,416,352,729,28.9,80.2,178,1.6
2020,7,16,14,45,108,380,470,27.8,83.3,165,1.2
2020,7,16,15,45,9,318,323,26.6,86.7,145,0.7
2020,7,16,16,45,0,201,201,26.9,86.7,142,0.4
2020,7,16,17,45,102,102,124,27.2,85.5,166,0.4
2020,7,16,18,45,15,12,14,26.8,87.0,179,0.6
2020,7,16,19,45,0,0,0,25.8,90.4,144,0.6
2020,7,16,20,45,0,0,0,25.4,91.4,97,0.8
2020,7,16,21,45,0,0,0,24.9,93.3,98,0.8
2020,7,16,22,45,0,0,0,24.4,94.7,85,0.7
2020,7,16,23,45,0,0,0,24.2,94.2,61,0.6
2020,7,17,0,45,0,0,0,24.0,93.6,43,0.7
2020,7,17,1,45,0,0,0,23.8,92.4,34,1.0
2020,7,17,2,45,0,0,0,23.6,93.3,36,0.9
2020,7,17,3,45,0,0,0,23.5,94.4,34,0.7
2020,7,17,4,45,0,0,0,23.7,94.4,33,0.8
2020,7,17,5,45,2,48,48,24.0,94.4,36,1.1
2020,7,17,6,45,20,171,178,25.5,91.2,39,1.0
2020,7,17,7,45,0,151,151,26.7,88.0,63,0.5
2020,7,17,8,45,0,211,211,27.0,87.0,159,0.4
2020,7,17,9,45,37,459,491,27.8,83.5,181,0.9
2020,7,17,10,45,148,502,642,29.2,76.6,180,1.5
2020,7,17,11,45,366,423,784,30.0,72.2,183,1.7
2020,7,17,12,45,625,276,882,30.7,68.6,178,1.6
2020,7,17,13,45,337,384,694,30.7,68.2,168,1.5
2020,7,17,14,45,102,422,502,29.6,73.0,167,1.6
2020,7,17,15,45,11,345,352,28.6,76.7,174,1.4
2020,7,17,16,45,0,203,203,28.2,79.7,180,0.7
2020,7,17,17,45,6,100,101,28.2,81.3,121,0.3
2020,7,17,18,45,10,12,13,27.6,84.0,79,0.6
2020,7,17,19,45,0,0,0,26.8,88.6,82,0.7
2020,7,17,20,45,0,0,0,26.4,90.7,82,0.7
2020,7,17,21,45,0,0,0,26.2,90.9,82,0.7
2020,7,17,22,45,0,0,0,25.8,90.6,80,0.6
2020,7,17,23,45,0,0,0,25.7,90.9,66,0.5
2020,7,18,0,45,0,0,0,25.1,92.8,41,0.5
2020,7,18,1,45,0,0,0,24.7,93.3,29,0.6
2020,7,18,2,45,0,0,0,24.2,94.2,42,0.7
2020,7,18,3,45,0,0,0,23.9,95.3,62,0.7
2020,7,18,4,45,0,0,0,24.2,93.6,62,0.7
2020,7,18,5,45,0,5,5,24.5,92.8,55,0.6
2020,7,18,6,45,0,27,27,25.0,92.2,83,0.5
2020,7,18,7,45,0,39,39,25.6,91.7,143,0.6
2020,7,18,8,45,0,62,62,25.6,92.8,167,0.9
2020,7,18,9,45,0,136,136,26.1,91.5,167,1.1
2020,7,18,10,45,0,226,226,26.8,88.8,175,1.3
2020,7,18,11,45,0,307,307,26.7,88.3,188,1.1
2020,7,18,12,45,0,355,355,26.5,88.0,190,0.9
2020,7,18,13,45,17,448,462,26.7,86.5,195,0.6
2020,7,18,14,45,375,319,605,26.4,86.2,228,0.8
2020,7,18,15,45,433,216,495,25.7,87.1,237,0.8
2020,7,18,16,45,166,205,273,25.3,87.6,209,0.4
2020,7,18,17,45,257,81,142,25.0,89.0,155,0.5
2020,7,18,18,45,11,11,12,24.8,91.7,119,0.7
2020,7,18,19,45,0,0,0,24.5,94.5,111,0.9
2020,7,18,20,45,0,0,0,24.6,95.0,124,0.8
2020,7,18,21,45,0,0,0,24.6,94.5,135,0.8
2020,7,18,22,45,0,0,0,24.6,94.2,139,0.6
2020,7,18,23,45,0,0,0,24.7,92.8,161,0.5
2020,7,19,0,45,0,0,0,24.6,92.5,167,0.7
2020,7,19,1,45,0,0,0,24.3,93.6,172,0.7
2020,7,19,2,45,0,0,0,24.3,95.0,191,0.6
2020,7,19,3,45,0,0,0,24.3,95.9,199,0.6
2020,7,19,4,45,0,0,0,24.3,95.0,193,0.7
2020,7,19,5,45,0,24,24,24.2,94.4,207,0.6
2020,7,19,6,45,111,142,187,24.1,94.7,225,0.6
2020,7,19,7,45,397,204,416,23.8,95.9,221,0.5
2020,7,19,8,45,72,401,453,23.3,98.2,208,0.3
2020,7,19,9,45,285,405,651,23.4,97.6,43,0.3
2020,7,19,10,45,157,514,661,24.3,95.3,315,0.5
2020,7,19,11,45,12,581,593,25.1,93.4,235,1.3
2020,7,19,12,45,336,438,763,26.0,89.3,215,1.7
2020,7,19,13,45,79,437,511,26.6,86.7,202,1.5
2020,7,19,14,45,0,299,299,26.2,88.2,214,1.1
2020,7,19,15,45,0,155,155,25.8,91.2,222,0.7
2020,7,19,16,45,7,186,189,25.9,93.1,271,0.4
2020,7,19,17,45,0,91,91,25.8,93.1,354,0.7
2020,7,19,18,45,0,7,7,25.5,92.5,44,0.8
2020,7,19,19,45,0,0,0,25.0,94.5,73,0.7
2020,7,19,20,45,0,0,0,24.8,96.2,103,0.6
2020,7,19,21,45,0,0,0,25.0,96.2,129,1.0
2020,7,19,22,45,0,0,0,25.0,95.6,139,1.1
2020,7,19,23,45,0,0,0,25.0,94.5,151,1.3
2020,7,20,0,45,0,0,0,24.6,95.3,156,1.2
2020,7,20,1,45,0,0,0,24.4,96.2,143,1.0
2020,7,20,2,45,0,0,0,24.1,96.2,113,1.2
2020,7,20,3,45,0,0,0,23.6,96.7,107,1.2
2020,7,20,4,45,0,0,0,23.9,95.9,118,0.9
2020,7,20,5,45,0,6,6,24.2,94.7,124,0.7
2020,7,20,6,45,0,41,41,24.2,94.4,129,0.7
2020,7,20,7,45,0,228,228,24.4,95.0,150,0.9
2020,7,20,8,45,3,349,352,24.3,97.0,165,1.2
2020,7,20,9,45,47,495,534,24.3,98.2,173,1.2
2020,7,20,10,45,0,508,508,24.1,98.5,167,1.1
2020,7,20,11,45,0,174,174,23.4,98.8,162,1.2
2020,7,20,12,45,0,73,73,23.5,95.9,172,1.1
2020,7,20,13,45,0,122,122,23.8,93.6,174,1.0
2020,7,20,14,45,0,303,303,24.2,91.6,210,0.4
2020,7,20,15,45,9,332,337,25.2,88.7,311,0.5
2020,7,20,16,45,0,142,142,25.6,87.9,294,0.5
2020,7,20,17,45,0,79,79,26.1,87.7,192,0.4
2020,7,20,18,45,0,6,6,25.9,87.2,151,0.6
2020,7,20,19,45,0,0,0,25.2,89.2,146,0.5
2020,7,20,20,45,0,0,0,24.8,91.4,113,0.4
2020,7,20,21,45,0,0,0,24.7,91.4,57,0.4
2020,7,20,22,45,0,0,0,24.2,91.6,53,0.5
2020,7,20,23,45,0,0,0,23.9,91.6,59,0.6
2020,7,21,0,45,0,0,0,23.4,93.3,68,0.5
2020,7,21,1,45,0,0,0,22.8,95.0,85,0.6
2020,7,21,2,45,0,0,0,22.2,95.5,80,0.8
2020,7,21,3,45,0,0,0,21.9,95.5,64,0.7
2020,7,21,4,45,0,0,0,22.3,93.8,27,0.5
2020,7,21,5,45,0,11,11,22.8,92.1,21,0.5
2020,7,21,6,45,0,64,64,23.4,90.5,55,0.6
2020,7,21,7,45,59,258,292,24.2,87.3,104,0.5
2020,7,21,8,45,0,341,341,24.6,84.2,170,0.8
2020,7,21,9,45,0,413,413,25.4,81.2,186,1.4
2020,7,21,10,45,0,436,436,26.3,80.6,195,1.7
2020,7,21,11,45,0,317,317,26.4,84.4,206,2.0
2020,7,21,12,45,0,285,285,26.1,86.9,213,2.0
2020,7,21,13,45,9,467,475,25.5,89.0,221,1.6
2020,7,21,14,45,0,364,364,25.0,90.0,235,1.4
2020,7,21,15,45,0,304,304,24.6,89.7,241,1.5
2020,7,21,16,45,0,173,173,24.6,90.5,254,1.2
2020,7,21,17,45,4,82,82,24.8,89.5,257,0.7
2020,7,21,18,45,0,6,6,24.2,91.1,214,0.6
2020,7,21,19,45,0,0,0,23.1,94.7,156,0.5
2020,7,21,20,45,0,0,0,22.8,95.0,94,0.4
2020,7,21,21,45,0,0,0,22.2,94.9,49,0.5
2020,7,21,22,45,0,0,0,21.7,95.5,39,0.7
2020,7,21,23,45,0,0,0,21.8,95.2,32,0.7
2020,7,22,0,45,0,0,0,21.8,95.2,22,0.5
2020,7,22,1,45,0,0,0,21.9,94.3,5,0.6
2020,7,22,2,45,0,0,0,21.5,95.2,0,0.6
2020,7,22,3,45,0,0,0,21.0,96.4,0,0.8
2020,7,22,4,45,0,0,0,21.5,94.0,357,1.0
2020,7,22,5,45,0,40,40,22.1,92.9,347,1.1
2020,7,22,6,45,145,150,205,23.0,91.0,337,1.0
2020,7,22,7,45,594,142,461,23.7,88.6,302,0.8
2020,7,22,8,45,539,226,613,23.7,88.3,268,1.2
2020,7,22,9,45,784,158,825,24.8,83.7,256,1.6
2020,7,22,10,45,818,162,934,26.4,77.3,249,1.9
2020,7,22,11,45,810,178,976,26.6,75.9,246,2.2
2020,7,22,12,45,706,236,922,26.3,78.0,242,2.4
2020,7,22,13,45,558,290,796,26.5,78.7,241,2.6
2020,7,22,14,45,196,390,547,26.4,80.9,251,2.7
2020,7,22,15,45,75,335,382,25.3,86.9,259,2.2
2020,7,22,16,45,0,198,198,24.3,91.1,278,1.1
2020,7,22,17,45,0,82,82,24.2,91.6,340,0.5
2020,7,22,18,45,0,7,7,24.2,92.2,153,0.3
2020,7,22,19,45,0,0,0,23.2,95.0,180,0.7
2020,7,22,20,45,0,0,0,22.7,97.0,150,0.7
2020,7,22,21,45,0,0,0,22.4,97.9,138,0.7
2020,7,22,22,45,0,0,0,22.2,98.2,142,0.6
2020,7,22,23,45,0,0,0,22.2,97.3,182,0.3
2020,7,23,0,45,0,0,0,22.0,97.0,176,0.2
2020,7,23,1,45,0,0,0,22.0,96.7,86,0.4
2020,7,23,2,45,0,0,0,22.1,95.5,54,0.8
2020,7,23,3,45,0,0,0,22.2,93.2,40,0.9
2020,7,23,4,45,0,0,0,22.9,90.4,28,0.6
2020,7,23,5,45,0,16,16,23.1,90.4,345,0.4
2020,7,23,6,45,0,88,88,23.4,91.0,265,0.4
2020,7,23,7,45,0,92,92,24.0,90.8,214,0.7
2020,7,23,8,45,0,92,92,24.2,91.6,198,1.0
2020,7,23,9,45,0,167,167,25.2,86.6,193,1.3
2020,7,23,10,45,0,355,355,26.3,82.3,197,1.6
2020,7,23,11,45,0,465,465,26.5,82.4,200,1.5
2020,7,23,12,45,70,546,612,26.7,80.7,192,1.2
2020,7,23,13,45,9,382,390,26.8,78.0,170,0.9
2020,7,23,14,45,12,372,381,26.0,80.1,151,0.6
2020,7,23,15,45,0,256,256,25.3,83.5,141,0.7
2020,7,23,16,45,37,188,201,25.6,83.5,153,1.0
2020,7,23,17,45,38,94,106,25.6,83.3,164,1.1
2020,7,23,18,45,0,8,8,25.4,84.5,143,0.9
2020,7,23,19,45,0,0,0,24.6,89.2,101,0.8
2020,7,23,20,45,0,0,0,23.9,92.2,94,0.8
2020,7,23,21,45,0,0,0,23.6,93.0,97,0.9
2020,7,23,22,45,0,0,0,23.2,93.3,78,1.0
2020,7,23,23,45,0,0,0,23.2,92.7,62,1.1
2020,7,24,0,45,0,0,0,23.0,92.4,58,1.1
2020,7,24,1,45,0,0,0,22.6,92.4,53,1.1
2020,7,24,2,45,0,0,0,22.6,92.1,57,0.9
2020,7,24,3,45,0,0,0,22.8,91.5,66,0.9
2020,7,24,4,45,0,0,0,23.5,89.9,60,1.0
2020,7,24,5,45,0,43,43,24.0,88.9,58,0.9
2020,7,24,6,45,0,89,89,24.4,86.8,75,0.7
2020,7,24,7,45,0,146,146,25.2,84.0,124,0.8
2020,7,24,8,45,0,284,284,25.7,84.0,158,1.2
2020,7,24,9,45,42,380,415,26.4,82.4,173,1.6
2020,7,24,10,45,0,167,167,27.4,78.6,178,1.9
2020,7,24,11,45,0,250,250,28.4,75.9,180,1.9
2020,7,24,12,45,5,494,499,29.0,74.0,177,1.7
2020,7,24,13,45,134,478,600,28.9,73.1,180,1.6
2020,7,24,14,45,0,287,287,26.6,81.1,162,1.6
2020,7,24,15,45,0,211,211,24.5,91.1,143,1.6
2020,7,24,16,45,218,192,282,24.4,92.8,138,0.9
2020,7,24,17,45,68,98,111,24.7,92.5,69,0.4
2020,7,24,18,45,0,7,7,24.5,92.8,26,0.6
2020,7,24,19,45,0,0,0,23.7,95.9,78,0.5
2020,7,24,20,45,0,0,0,23.2,97.3,118,0.7
2020,7,24,21,45,0,0,0,22.9,96.1,97,0.8
2020,7,24,22,45,0,0,0,22.7,95.8,63,0.7
2020,7,24,23,45,0,0,0,22.8,95.8,51,0.6
2020,7,25,0,45,0,0,0,22.5,96.4,51,0.6
2020,7,25,1,45,0,0,0,22.3,95.8,65,0.7
2020,7,25,2,45,0,0,0,22.5,95.2,73,0.8
2020,7,25,3,45,0,0,0,22.6,95.5,77,0.9
2020,7,25,4,45,0,0,0,23.1,94.4,81,1.0
2020,7,25,5,45,0,5,5,23.6,93.3,77,0.9
2020,7,25,6,45,0,27,27,24.0,93.0,93,0.9
2020,7,25,7,45,0,159,159,24.5,92.5,112,0.9
2020,7,25,8,45,0,211,211,24.7,92.2,117,0.7
2020,7,25,9,45,0,243,243,25.7,87.7,140,0.6
2020,7,25,10,45,0,299,299,26.7,83.9,158,0.8
2020,7,25,11,45,0,408,408,26.5,84.6,162,0.9
2020,7,25,12,45,11,486,497,26.4,83.6,162,1.2
2020,7,25,13,45,15,473,487,27.6,80.8,161,1.4
2020,7,25,14,45,108,377,456,27.6,78.9,161,1.4
2020,7,25,15,45,444,217,493,26.5,79.2,161,1.4
2020,7,25,16,45,195,196,271,26.6,78.7,163,1.2
2020,7,25,17,45,194,83,132,26.9,79.0,187,0.9
2020,7,25,18,45,0,10,10,26.3,82.9,220,0.8
2020,7,25,19,45,0,0,0,25.5,89.0,232,0.5
2020,7,25,20,45,0,0,0,25.0,93.1,143,0.2
2020,7,25,21,45,0,0,0,24.2,94.7,62,0.5
2020,7,25,22,45,0,0,0,24.0,95.0,60,0.8
2020,7,25,23,45,0,0,0,24.0,93.9,55,0.8
2020,7,26,0,45,0,0,0,23.6,93.6,42,0.7
2020,7,26,1,45,0,0,0,23.2,93.8,34,0.7
2020,7,26,2,45,0,0,0,23.0,93.8,27,0.8
2020,7,26,3,45,0,0,0,22.9,93.2,23,0.8
2020,7,26,4,45,0,0,0,23.4,91.3,21,0.7
2020,7,26,5,45,0,40,40,24.0,89.4,18,0.5
2020,7,26,6,45,96,145,184,25.1,86.1,286,0.2
2020,7,26,7,45,642,122,463,26.6,81.6,214,0.5
2020,7,26,8,45,728,143,659,27.3,79.8,213,0.8
2020,7,26,9,45,709,194,795,27.8,77.0,215,1.0
2020,7,26,10,45,581,294,838,28.7,73.7,214,1.3
2020,7,26,11,45,404,411,808,29.4,73.2,211,1.6
2020,7,26,12,45,222,493,709,29.4,74.1,211,1.6
2020,7,26,13,45,9,507,516,29.4,74.3,209,1.5
2020,7,26,14,45,0,424,424,29.4,72.8,214,1.7
2020,7,26,15,45,0,286,286,28.7,73.1,224,1.7
2020,7,26,16,45,0,204,204,28.2,76.9,223,1.4
2020,7,26,17,45,37,89,94,28.1,79.2,221,0.9
2020,7,26,18,45,5,9,9,27.4,82.2,225,0.6
2020,7,26,19,45,0,0,0,26.5,88.0,236,0.5
2020,7,26,20,45,0,0,0,26.0,90.4,233,0.4
2020,7,26,21,45,0,0,0,25.4,91.4,217,0.3
2020,7,26,22,45,0,0,0,25.0,92.8,160,0.1
2020,7,26,23,45,0,0,0,25.0,91.1,57,0.4
2020,7,27,0,45,0,0,0,24.8,90.8,49,0.5
2020,7,27,1,45,0,0,0,24.4,92.5,38,0.6
2020,7,27,2,45,0,0,0,24.1,90.5,42,0.4
2020,7,27,3,45,0,0,0,23.8,88.9,45,0.2
2020,7,27,4,45,0,0,0,23.8,90.2,33,0.4
2020,7,27,5,45,0,20,20,23.8,92.2,46,0.4
2020,7,27,6,45,0,15,15,24.7,90.6,96,0.4
2020,7,27,7,45,0,15,15,25.8,87.9,161,0.5
2020,7,27,8,45,0,109,109,26.5,88.3,198,0.8
2020,7,27,9,45,0,362,362,27.6,84.5,209,0.9
2020,7,27,10,45,0,468,468,28.6,81.2,215,1.0
2020,7,27,11,45,74,576,648,27.9,83.8,228,1.4
2020,7,27,12,45,4,583,587,27.0,87.3,242,1.6
2020,7,27,13,45,0,403,403,27.2,88.3,245,1.5
2020,7,27,14,45,0,243,243,26.6,89.6,244,0.9
2020,7,27,15,45,11,267,273,25.5,92.3,244,0.4
2020,7,27,16,45,83,211,246,25.0,93.1,238,0.8
2020,7,27,17,45,77,84,104,24.7,91.9,224,0.8
2020,7,27,18,45,0,5,5,24.6,91.6,193,0.7
2020,7,27,19,45,0,0,0,24.6,92.8,159,0.7
2020,7,27,20,45,0,0,0,24.7,93.6,130,0.8
2020,7,27,21,45,0,0,0,24.4,94.5,91,0.5
2020,7,27,22,45,0,0,0,24.2,95.6,41,0.5
2020,7,27,23,45,0,0,0,24.3,95.6,57,0.7
2020,7,28,0,45,0,0,0,24.3,96.2,94,0.7
2020,7,28,1,45,0,0,0,24.1,97.6,122,0.8
2020,7,28,2,45,0,0,0,24.0,97.6,143,0.8
2020,7,28,3,45,0,0,0,23.7,97.0,133,0.6
2020,7,28,4,45,0,0,0,23.8,96.2,85,0.6
2020,7,28,5,45,0,5,5,24.0,95.0,98,0.7
2020,7,28,6,45,0,22,22,23.9,94.7,137,0.8
2020,7,28,7,45,0,51,51,23.8,95.3,163,1.0
2020,7,28,8,45,0,132,132,23.4,97.3,171,1.2
2020,7,28,9,45,0,275,275,23.7,97.6,175,1.2
2020,7,28,10,45,0,461,461,24.6,95.3,185,1.3
2020,7,28,11,45,0,425,425,24.7,94.2,197,1.2
2020,7,28,12,45,0,327,327,24.8,93.3,183,1.1
2020,7,28,13,45,0,194,194,25.1,92.5,161,1.2
2020,7,28,14,45,0,68,68,24.8,92.5,166,1.2
2020,7,28,15,45,0,56,56,24.3,92.2,173,1.3
2020,7,28,16,45,0,32,32,24.7,91.4,171,1.2
2020,7,28,17,45,0,50,50,25.0,89.8,163,1.0
2020,7,28,18,45,0,6,6,24.8,90.6,152,1.0
2020,7,28,19,45,0,0,0,24.2,93.9,149,1.2
2020,7,28,20,45,0,0,0,23.9,95.0,148,1.3
2020,7,28,21,45,0,0,0,23.7,95.3,143,1.3
2020,7,28,22,45,0,0,0,23.7,95.9,135,1.2
2020,7,28,23,45,0,0,0,23.8,95.9,127,1.3
2020,7,29,0,45,0,0,0,23.8,95.9,117,1.2
2020,7,29,1,45,0,0,0,23.8,95.0,111,1.0
2020,7,29,2,45,0,0,0,23.2,96.1,137,1.2
2020,7,29,3,45,0,0,0,22.5,98.8,148,1.4
2020,7,29,4,45,0,0,0,22.4,98.8,141,1.3
2020,7,29,5,45,0,3,3,22.5,98.5,133,1.2
2020,7,29,6,45,0,10,10,22.5,98.8,118,1.3
2020,7,29,7,45,0,18,18,22.3,99.4,99,1.3
2020,7,29,8,45,0,31,31,22.2,100.0,95,1.3
2020,7,29,9,45,0,88,88,22.1,100.0,109,1.3
2020,7,29,10,45,0,146,146,22.1,99.4,119,1.5
2020,7,29,11,45,0,163,163,22.0,99.1,112,1.6
2020,7,29,12,45,0,154,154,22.0,99.1,99,1.6
2020,7,29,13,45,0,121,121,21.7,98.8,86,1.6
2020,7,29,14,45,0,86,86,22.1,97.0,76,1.2
2020,7,29,15,45,0,196,196,23.0,95.0,74,0.7
2020,7,29,16,45,6,197,200,23.3,94.4,50,0.6
2020,7,29,17,45,6,84,85,23.4,93.3,33,0.7
2020,7,29,18,45,0,5,5,23.2,92.7,50,0.7
2020,7,29,19,45,0,0,0,23.0,93.5,55,0.8
2020,7,29,20,45,0,0,0,23.0,93.5,45,0.7
2020,7,29,21,45,0,0,0,22.8,93.5,39,0.6
2020,7,29,22,45,0,0,0,22.7,93.8,33,0.7
2020,7,29,23,45,0,0,0,22.8,92.7,27,0.7
2020,7,30,0,45,0,0,0,22.8,92.7,24,0.6
2020,7,30,1,45,0,0,0,22.8,93.5,18,0.5
2020,7,30,2,45,0,0,0,22.7,93.2,10,0.6
2020,7,30,3,45,0,0,0,22.5,92.9,14,1.0
2020,7,30,4,45,0,0,0,22.5,92.7,22,1.1
2020,7,30,5,45,0,15,15,22.8,92.1,29,0.9
2020,7,30,6,45,0,17,17,23.3,92.4,40,0.8
2020,7,30,7,45,0,34,34,23.8,93.3,41,0.6
2020,7,30,8,45,0,68,68,23.8,94.7,75,0.4
2020,7,30,9,45,0,117,117,24.0,94.4,180,0.3
2020,7,30,10,45,0,164,164,24.3,92.2,235,0.4
2020,7,30,11,45,0,193,193,24.6,88.4,220,0.5
2020,7,30,12,45,0,207,207,24.6,88.1,207,0.3
2020,7,30,13,45,0,301,301,24.3,91.1,194,0.2
2020,7,30,14,45,0,305,305,24.5,91.9,180,0.2
2020,7,30,15,45,5,323,325,24.6,92.2,180,0.5
2020,7,30,16,45,0,187,187,24.5,92.5,180,0.8
2020,7,30,17,45,123,90,113,24.6,91.7,165,0.6
2020,7,30,18,45,4,8,8,24.3,91.1,133,0.7
2020,7,30,19,45,0,0,0,23.9,93.3,112,0.9
2020,7,30,20,45,0,0,0,23.8,93.6,108,1.0
2020,7,30,21,45,0,0,0,23.4,94.7,117,1.0
2020,7,30,22,45,0,0,0,23.0,97.0,117,1.0
2020,7,30,23,45,0,0,0,23.3,96.1,93,0.9
2020,7,31,0,45,0,0,0,23.3,95.3,58,1.0
2020,7,31,1,45,0,0,0,23.2,94.7,35,0.9
2020,7,31,2,45,0,0,0,23.0,96.1,42,0.7
2020,7,31,3,45,0,0,0,22.8,97.9,75,0.6
2020,7,31,4,45,0,0,0,23.0,96.7,90,0.4
2020,7,31,5,45,0,9,9,23.1,96.4,70,0.3
2020,7,31,6,45,0,44,44,23.2,97.0,22,0.3
2020,7,31,7,45,0,53,53,23.2,98.2,0,0.2
2020,7,31,8,45,0,93,93,23.2,98.8,251,0.1
2020,7,31,9,45,0,174,174,23.8,95.6,177,0.6
2020,7,31,10,45,0,380,380,24.2,93.6,179,1.0
2020,7,31,11,45,28,551,578,23.8,94.4,189,1.2
2020,7,31,12,45,47,472,517,23.5,95.0,186,1.4
2020,7,31,13,45,70,468,532,23.9,94.4,175,1.4
2020,7,31,14,45,0,307,307,24.6,92.5,163,1.0
2020,7,31,15,45,12,301,307,25.2,91.4,141,0.5
2020,7,31,16,45,15,217,222,25.6,90.1,69,0.4
2020,7,31,17,45,20,92,97,25.7,89.0,110,0.6
2020,7,31,18,45,0,6,6,25.2,90.0,149,0.9
2020,7,31,19,45,0,0,0,24.2,94.5,121,0.6
2020,7,31,20,45,0,0,0,23.7,96.4,85,0.6
2020,7,31,21,45,0,0,0,23.4,95.6,79,0.8
2020,7,31,22,45,0,0,0,23.1,96.1,69,1.0
2020,7,31,23,45,0,0,0,23.2,95.8,74,1.1
2020,8,1,0,45,0,0,0,23.2,95.6,81,0.9
2020,8,1,1,45,0,0,0,23.4,94.4,82,0.8
2020,8,1,2,45,0,0,0,23.3,94.1,73,0.8
2020,8,1,3,45,0,0,0,22.9,95.0,83,0.8
2020,8,1,4,45,0,0,0,23.3,94.1,117,0.8
2020,8,1,5,45,0,11,11,23.7,93.3,128,0.9
2020,8,1,6,45,0,56,56,24.0,93.0,131,0.9
2020,8,1,7,45,0,115,115,24.3,92.5,124,0.8
2020,8,1,8,45,0,304,304,24.2,93.6,107,0.7
2020,8,1,9,45,0,480,480,24.8,91.1,113,0.4
2020,8,1,10,45,0,407,407,25.8,86.6,170,0.5
2020,8,1,11,45,0,402,402,26.0,86.7,196,0.9
2020,8,1,12,45,0,438,438,26.8,85.4,205,1.2
2020,8,1,13,45,15,439,452,27.6,83.2,212,1.1
2020,8,1,14,45,104,384,468,27.2,86.0,218,0.9
2020,8,1,15,45,106,286,344,26.7,89.6,220,0.9
2020,8,1,16,45,293,170,289,26.3,90.7,216,0.9
2020,8,1,17,45,200,73,120,25.8,90.4,213,1.0
2020,8,1,18,45,0,6,6,25.4,90.6,215,1.0
2020,8,1,19,45,0,0,0,24.3,94.5,198,0.6
2020,8,1,20,45,0,0,0,23.7,97.0,126,0.3
2020,8,1,21,45,0,0,0,23.7,97.0,77,0.4
2020,8,1,22,45,0,0,0,23.6,96.2,84,0.6
2020,8,1,23,45,0,0,0,23.7,94.1,112,0.7
2020,8,2,0,45,0,0,0,23.5,93.6,124,0.7
2020,8,2,1,45,0,0,0,23.2,93.0,115,0.7
2020,8,2,2,45,0,0,0,23.1,95.0,94,0.9
2020,8,2,3,45,0,0,0,23.1,97.3,73,0.9
2020,8,2,4,45,0,0,0,23.6,95.3,67,0.8
2020,8,2,5,45,0,2,2,23.9,94.1,67,0.7
2020,8,2,6,45,0,20,20,24.0,93.0,52,0.6
2020,8,2,7,45,0,76,76,24.1,93.0,47,0.8
2020,8,2,8,45,0,218,218,24.0,95.9,67,0.7
2020,8,2,9,45,0,366,366,25.1,92.0,138,0.5
2020,8,2,10,45,0,450,450,26.2,86.4,188,1.0
2020,8,2,11,45,0,529,529,26.5,84.1,210,1.2
2020,8,2,12,45,16,520,535,27.8,78.9,235,1.4
2020,8,2,13,45,73,521,586,28.7,76.0,243,1.6
2020,8,2,14,45,82,436,495,28.0,77.0,241,1.5
2020,8,2,15,45,264,282,444,27.4,77.9,234,1.5
2020,8,2,16,45,32,214,230,27.1,79.8,234,1.5
2020,8,2,17,45,0,85,85,26.6,81.6,239,1.3
2020,8,2,18,45,0,6,6,26.3,82.8,241,1.0
2020,8,2,19,45,0,0,0,25.6,88.5,220,0.5
2020,8,2,20,45,0,0,0,24.8,93.9,104,0.4
2020,8,2,21,45,0,0,0,24.4,94.5,89,0.8
2020,8,2,22,45,0,0,0,24.2,94.4,96,0.9
2020,8,2,23,45,0,0,0,24.1,94.2,90,0.9
2020,8,3,0,45,0,0,0,24.2,93.6,72,0.8
2020,8,3,1,45,0,0,0,23.9,94.1,79,0.9
2020,8,3,2,45,0,0,0,23.7,95.0,83,0.9
2020,8,3,3,45,0,0,0,24.2,93.6,87,0.6
2020,8,3,4,45,0,0,0,24.5,92.5,145,0.5
2020,8,3,5,45,0,23,23,24.5,92.8,160,0.3
2020,8,3,6,45,0,90,90,25.1,90.3,115,0.1
2020,8,3,7,45,0,176,176,25.7,87.9,167,0.3
2020,8,3,8,45,0,274,274,26.0,88.0,184,0.7
2020,8,3,9,45,0,268,268,26.8,84.9,185,1.1
2020,8,3,10,45,1,404,406,27.2,84.0,189,1.3
2020,8,3,11,45,174,530,700,27.2,86.0,194,1.6
2020,8,3,12,45,31,580,610,27.8,82.8,201,1.6
2020,8,3,13,45,0,442,442,27.9,80.6,209,1.0
2020,8,3,14,45,0,252,252,27.2,83.5,255,0.5
2020,8,3,15,45,0,273,273,26.4,86.4,270,0.4
2020,8,3,16,45,0,181,181,26.4,86.2,187,0.5
2020,8,3,17,45,1,83,83,26.8,84.4,152,0.6
2020,8,3,18,45,0,2,2,26.4,85.7,141,0.6
2020,8,3,19,45,0,0,0,25.8,90.1,119,0.5
2020,8,3,20,45,0,0,0,25.5,93.9,84,0.5
2020,8,3,21,45,0,0,0,24.9,95.3,53,0.6
2020,8,3,22,45,0,0,0,24.7,95.6,39,0.7
2020,8,3,23,45,0,0,0,24.9,94.5,38,0.9
2020,8,4,0,45,0,0,0,24.6,94.2,34,1.1
2020,8,4,1,45,0,0,0,24.3,94.4,29,1.1
2020,8,4,2,45,0,0,0,24.0,94.7,20,1.0
2020,8,4,3,45,0,0,0,23.7,94.4,17,1.0
2020,8,4,4,45,0,0,0,24.3,91.1,20,1.2
2020,8,4,5,45,4,28,29,24.9,88.1,23,1.0
2020,8,4,6,45,289,115,210,26.1,85.4,37,0.5
2020,8,4,7,45,494,166,423,27.6,81.5,160,0.2
2020,8,4,8,45,568,215,612,28.1,78.5,198,0.3
2020,8,4,9,45,605,256,764,29.1,73.4,191,0.5
2020,8,4,10,45,631,278,868,30.2,67.8,200,0.9
2020,8,4,11,45,663,273,919,30.5,66.1,203,1.3
2020,8,4,12,45,442,389,814,31.0,65.6,203,1.6
2020,8,4,13,45,348,399,709,30.6,68.4,200,1.6
2020,8,4,14,45,680,189,710,30.2,69.5,192,1.4
2020,8,4,15,45,600,164,528,30.0,69.5,201,1.0
2020,8,4,16,45,455,132,317,29.3,73.0,209,0.9
2020,8,4,17,45,289,63,125,29.0,75.8,191,0.7
2020,8,4,18,45,6,6,6,28.5,77.4,159,0.7
2020,8,4,19,45,0,0,0,27.4,83.1,113,0.6
2020,8,4,20,45,0,0,0,26.5,89.6,44,0.7
2020,8,4,21,45,0,0,0,26.1,91.2,27,0.8
2020,8,4,22,45,0,0,0,25.8,92.0,24,0.6
2020,8,4,23,45,0,0,0,25.9,91.2,17,0.5
2020,8,5,0,45,0,0,0,25.5,90.6,6,0.5
2020,8,5,1,45,0,0,0,25.2,90.0,11,0.5
2020,8,5,2,45,0,0,0,24.5,91.9,31,0.6
2020,8,5,3,45,0,0,0,23.7,93.9,42,0.8
2020,8,5,4,45,0,0,0,24.2,91.9,45,1.2
2020,8,5,5,45,0,3,3,24.8,90.0,41,1.6
2020,8,5,6,45,0,45,45,25.8,87.2,34,1.5
2020,8,5,7,45,0,65,65,27.0,82.2,28,1.0
2020,8,5,8,45,0,133,133,27.9,78.0,106,0.5
2020,8,5,9,45,24,361,382,28.8,73.8,172,1.2
2020,8,5,10,45,697,212,867,30.1,70.1,182,1.6
2020,8,5,11,45,485,346,818,30.3,71.2,180,1.7
2020,8,5,12,45,358,406,749,29.5,75.0,175,1.6
2020,8,5,13,45,231,423,633,28.8,79.0,172,1.1
2020,8,5,14,45,79,413,469,27.9,85.8,263,0.5
2020,8,5,15,45,523,188,499,27.9,88.4,328,1.1
2020,8,5,16,45,631,86,344,28.4,86.1,329,1.2
2020,8,5,17,45,378,53,133,28.6,85.6,323,1.0
2020,8,5,18,45,0,6,6,28.1,87.9,340,0.9
2020,8,5,19,45,0,0,0,27.2,91.8,6,1.0
2020,8,5,20,45,0,0,0,26.6,94.5,25,0.9
2020,8,5,21,45,0,0,0,25.8,96.8,28,1.0
2020,8,5,22,45,0,0,0,25.2,98.2,21,1.0
2020,8,5,23,45,0,0,0,25.2,97.4,16,0.9
2020,8,6,0,45,0,0,0,25.0,95.0,10,0.9
2020,8,6,1,45,0,0,0,24.8,93.3,8,0.7
2020,8,6,2,45,0,0,0,24.5,92.5,5,0.5
2020,8,6,3,45,0,0,0,24.0,91.6,0,0.4
2020,8,6,4,45,0,0,0,24.4,91.1,0,0.6
2020,8,6,5,45,0,2,2,25.0,90.6,6,1.0
2020,8,6,6,45,0,15,15,26.3,87.2,5,1.0
2020,8,6,7,45,30,165,183,27.4,81.8,316,0.5
2020,8,6,8,45,164,299,415,27.8,79.9,212,0.6
2020,8,6,9,45,868,98,826,29.2,76.6,185,1.2
2020,8,6,10,45,898,97,935,31.0,70.9,176,1.4
2020,8,6,11,45,926,83,985,30.8,71.5,178,1.5
2020,8,6,12,45,776,168,913,29.7,76.2,178,1.4
2020,8,6,13,45,298,393,656,29.3,79.6,162,0.8
2020,8,6,14,45,13,358,368,29.5,79.6,201,0.4
2020,8,6,15,45,0,240,240,29.6,78.7,209,0.9
2020,8,6,16,45,0,165,165,29.4,80.1,183,1.3
2020,8,6,17,45,81,85,100,28.8,82.4,169,1.5
2020,8,6,18,45,0,4,4,27.3,87.1,157,1.5
2020,8,6,19,45,0,0,0,25.9,91.7,151,1.4
2020,8,6,20,45,0,0,0,25.8,92.6,140,1.1
2020,8,6,21,45,0,0,0,25.5,93.9,123,1.0
2020,8,6,22,45,0,0,0,25.0,95.6,111,1.0
2020,8,6,23,45,0,0,0,24.9,95.3,90,0.8
2020,8,7,0,45,0,0,0,24.6,94.5,68,0.8
2020,8,7,1,45,0,0,0,24.2,94.2,55,0.9
2020,8,7,2,45,0,0,0,23.9,95.3,45,0.9
2020,8,7,3,45,0,0,0,23.7,96.2,36,0.9
2020,8,7,4,45,0,0,0,24.0,96.5,26,0.9
2020,8,7,5,45,0,10,10,24.6,95.9,21,0.9
2020,8,7,6,45,0,42,42,25.5,93.4,17,0.7
2020,8,7,7,45,0,66,66,26.1,90.6,316,0.3
2020,8,7,8,45,76,261,318,26.1,89.3,226,0.5
2020,8,7,9,45,393,330,656,26.6,86.7,207,0.8
2020,8,7,10,45,576,277,814,28.0,79.2,198,1.2
2020,8,7,11,45,391,394,775,29.2,74.3,195,1.6
2020,8,7,12,45,145,502,640,29.7,72.8,199,1.6
2020,8,7,13,45,6,415,421,29.8,72.4,198,1.4
2020,8,7,14,45,0,359,359,28.4,78.3,184,1.2
2020,8,7,15,45,3,306,307,27.4,84.2,165,1.0
2020,8,7,16,45,21,204,214,27.6,84.2,174,0.8
2020,8,7,17,45,1,78,79,27.9,82.8,199,0.6
2020,8,7,18,45,0,2,2,27.6,83.5,185,0.4
2020,8,7,19,45,0,0,0,26.8,88.6,106,0.2
2020,8,7,20,45,0,0,0,26.2,92.3,34,0.4
2020,8,7,21,45,0,0,0,25.7,93.9,28,0.6
2020,8,7,22,45,0,0,0,25.4,95.3,36,0.7
2020,8,7,23,45,0,0,0,25.5,93.9,40,0.5
2020,8,8,0,45,0,0,0,25.2,93.4,26,0.3
2020,8,8,1,45,0,0,0,24.8,93.9,26,0.3
2020,8,8,2,45,0,0,0,24.6,94.5,35,0.4
2020,8,8,3,45,0,0,0,24.6,94.5,37,0.5
2020,8,8,4,45,0,0,0,25.1,92.5,34,0.5
2020,8,8,5,45,0,3,3,25.8,90.4,19,0.6
2020,8,8,6,45,0,88,88,26.6,86.0,344,0.5
2020,8,8,7,45,1,244,244,27.2,81.2,267,0.5
2020,8,8,8,45,515,213,580,27.4,79.3,228,0.9
2020,8,8,9,45,557,258,725,28.4,74.4,218,1.4
2020,8,8,10,45,243,448,671,29.7,68.8,217,1.8
2020,8,8,11,45,48,493,540,30.0,67.2,217,2.2
2020,8,8,12,45,0,300,300,30.3,67.0,211,2.0
2020,8,8,13,45,0,228,228,30.6,67.9,200,1.4
2020,8,8,14,45,0,191,191,29.2,75.7,201,1.1
2020,8,8,15,45,0,185,185,27.8,85.5,189,0.9
2020,8,8,16,45,0,161,161,27.6,88.4,170,0.5
2020,8,8,17,45,108,78,98,27.6,86.3,123,0.2
2020,8,8,18,45,0,3,3,27.3,86.0,106,0.5
2020,8,8,19,45,0,0,0,26.8,89.4,107,0.7
2020,8,8,20,45,0,0,0,26.6,91.0,72,0.7
2020,8,8,21,45,0,0,0,26.2,90.9,53,0.6
2020,8,8,22,45,0,0,0,26.2,91.2,61,0.5
2020,8,8,23,45,0,0,0,26.4,90.1,58,0.5
2020,8,9,0,45,0,0,0,26.1,90.7,56,0.4
2020,8,9,1,45,0,0,0,25.8,92.3,64,0.3
2020,8,9,2,45,0,0,0,25.2,93.6,121,0.5
2020,8,9,3,45,0,0,0,24.6,95.3,140,0.7
2020,8,9,4,45,0,0,0,24.6,95.3,135,0.6
2020,8,9,5,45,0,5,5,24.7,95.0,115,0.6
2020,8,9,6,45,0,13,13,24.8,94.5,90,0.8
2020,8,9,7,45,0,18,18,24.9,94.2,86,0.7
2020,8,9,8,45,0,43,43,24.7,95.9,114,0.6
2020,8,9,9,45,0,100,100,25.0,96.2,141,0.7
2020,8,9,10,45,0,199,199,25.3,95.3,144,0.7
2020,8,9,11,45,0,144,144,24.9,95.6,130,0.7
2020,8,9,12,45,0,108,108,24.8,95.0,122,0.9
2020,8,9,13,45,0,156,156,25.3,93.9,124,1.3
2020,8,9,14,45,0,115,115,25.3,94.5,124,1.1
2020,8,9,15,45,0,81,81,25.5,93.9,105,0.5
2020,8,9,16,45,0,89,89,26.0,91.7,102,0.6
2020,8,9,17,45,3,65,65,25.9,90.6,91,1.0
2020,8,9,18,45,0,3,3,25.8,89.8,70,1.2
2020,8,9,19,45,0,0,0,25.8,90.9,73,1.2
2020,8,9,20,45,0,0,0,25.8,91.7,90,1.3
2020,8,9,21,45,0,0,0,25.6,91.4,113,1.3
2020,8,9,22,45,0,0,0,25.4,90.9,110,1.2
2020,8,9,23,45,0,0,0,25.3,90.3,90,1.0
2020,8,10,0,45,0,0,0,25.2,91.7,96,0.9
2020,8,10,1,45,0,0,0,24.8,93.9,111,1.0
2020,8,10,2,45,0,0,0,24.5,94.7,99,0.9
2020,8,10,3,45,0,0,0,24.3,94.7,80,0.9
2020,8,10,4,45,0,0,0,24.6,94.2,84,1.0
2020,8,10,5,45,0,2,2,24.7,93.9,93,1.0
2020,8,10,6,45,0,10,10,24.7,93.6,93,1.0
2020,8,10,7,45,0,16,16,24.7,93.9,97,0.9
2020,8,10,8,45,0,23,23,24.5,95.0,120,0.9
2020,8,10,9,45,0,48,48,24.4,95.0,140,0.9
2020,8,10,10,45,0,100,100,25.2,92.0,142,0.8
2020,8,10,11,45,0,203,203,25.7,90.4,138,0.7
2020,8,10,12,45,0,235,235,25.8,90.9,138,0.7
2020,8,10,13,45,0,172,172,26.5,89.6,124,0.8
2020,8,10,14,45,0,204,204,26.1,91.5,85,0.7
2020,8,10,15,45,0,241,241,25.8,92.6,99,0.5
2020,8,10,16,45,48,189,204,26.2,91.5,149,0.6
2020,8,10,17,45,135,75,99,26.5,90.9,137,0.5
2020,8,10,18,45,0,2,2,26.2,90.4,76,0.4
2020,8,10,19,45,0,0,0,25.6,91.4,45,0.6
2020,8,10,20,45,0,0,0,25.5,90.9,39,0.6
2020,8,10,21,45,0,0,0,25.4,90.9,39,0.7
2020,8,10,22,45,0,0,0,25.2,91.1,39,0.7
2020,8,10,23,45,0,0,0,25.2,90.3,42,0.6
2020,8,11,0,45,0,0,0,25.0,89.8,49,0.5
2020,8,11,1,45,0,0,0,24.8,88.9,41,0.5
2020,8,11,2,45,0,0,0,24.5,90.0,31,0.6
2020,8,11,3,45,0,0,0,24.3,91.1,47,0.7
2020,8,11,4,45,0,0,0,24.7,89.7,37,0.6
2020,8,11,5,45,0,7,7,25.0,90.0,33,0.4
2020,8,11,6,45,0,52,52,25.3,89.5,41,0.3
2020,8,11,7,45,0,95,95,25.5,90.9,349,0.3
2020,8,11,8,45,0,206,206,25.2,93.9,297,0.3
2020,8,11,9,45,0,347,347,25.3,92.3,235,0.5
2020,8,11,10,45,0,283,283,25.5,92.3,218,0.6
2020,8,11,11,45,0,327,327,25.6,92.5,215,0.9
2020,8,11,12,45,0,256,256,25.8,91.2,215,1.2
2020,8,11,13,45,0,278,278,26.3,89.3,212,1.4
2020,8,11,14,45,0,256,256,26.6,85.9,217,1.3
2020,8,11,15,45,0,201,201,26.5,84.1,222,0.8
2020,8,11,16,45,0,168,168,26.8,83.1,231,0.5
2020,8,11,17,45,0,69,69,26.8,84.2,203,0.3
2020,8,11,18,45,0,3,3,26.2,88.2,160,0.6
2020,8,11,19,45,0,0,0,25.5,90.6,138,0.7
2020,8,11,20,45,0,0,0,25.3,90.9,103,0.7
2020,8,11,21,45,0,0,0,24.8,91.9,90,0.8
2020,8,11,22,45,0,0,0,24.5,92.5,119,0.8
2020,8,11,23,45,0,0,0,24.3,92.2,140,0.9
2020,8,12,0,45,0,0,0,23.9,93.9,120,0.7
2020,8,12,1,45,0,0,0,23.6,95.3,65,0.7
2020,8,12,2,45,0,0,0,23.7,94.7,16,0.6
2020,8,12,3,45,0,0,0,23.6,94.7,309,0.6
2020,8,12,4,45,0,0,0,23.6,95.0,249,0.7
2020,8,12,5,45,0,6,6,23.9,94.7,159,0.5
2020,8,12,6,45,0,11,11,24.4,94.7,104,0.6
2020,8,12,7,45,0,73,73,25.2,92.2,107,0.7
2020,8,12,8,45,0,152,152,25.7,89.5,137,0.8
2020,8,12,9,45,0,240,240,26.2,88.8,174,1.1
2020,8,12,10,45,0,283,283,26.8,87.5,186,1.4
2020,8,12,11,45,0,372,372,26.4,89.6,192,1.5
2020,8,12,12,45,0,391,391,26.4,90.4,191,1.2
2020,8,12,13,45,0,326,326,27.0,87.5,205,0.5
2020,8,12,14,45,0,234,234,26.2,90.4,198,0.4
2020,8,12,15,45,0,176,176,25.2,93.1,156,1.1
2020,8,12,16,45,0,135,135,25.2,90.9,136,1.5
2020,8,12,17,45,0,52,52,25.3,89.5,135,1.5
2020,8,12,18,45,0,1,1,25.3,89.2,135,1.6
2020,8,12,19,45,0,0,0,24.8,90.6,123,1.6
2020,8,12,20,45,0,0,0,24.5,91.4,118,1.5
2020,8,12,21,45,0,0,0,24.2,91.9,113,1.4
2020,8,12,22,45,0,0,0,23.9,92.7,107,1.4
2020,8,12,23,45,0,0,0,24.1,92.5,108,1.3
2020,8,13,0,45,0,0,0,24.1,91.9,108,1.3
2020,8,13,1,45,0,0,0,23.8,91.9,97,1.2
2020,8,13,2,45,0,0,0,23.6,93.6,95,1.2
2020,8,13,3,45,0,0,0,23.3,94.7,107,1.2
2020,8,13,4,45,0,0,0,23.3,94.4,106,1.3
2020,8,13,5,45,0,7,7,23.8,93.3,100,1.2
2020,8,13,6,45,0,14,14,24.2,93.6,96,1.0
2020,8,13,7,45,0,90,90,24.7,93.3,90,1.0
2020,8,13,8,45,0,98,98,24.9,91.7,85,1.1
2020,8,13,9,45,0,237,237,24.9,91.4,90,1.4
2020,8,13,10,45,0,269,269,24.7,92.5,98,1.5
2020,8,13,11,45,0,396,396,24.2,95.6,104,1.4
2020,8,13,12,45,0,345,345,23.8,97.9,111,1.3
2020,8,13,13,45,0,263,263,23.7,98.5,117,1.1
2020,8,13,14,45,0,138,138,24.8,93.7,112,0.6
2020,8,13,15,45,0,98,98,26.2,88.2,118,0.6
2020,8,13,16,45,0,91,91,26.0,88.8,125,0.9
2020,8,13,17,45,9,66,67,25.7,90.4,108,0.6
2020,8,13,18,45,0,1,1,25.2,92.5,86,0.8
2020,8,13,19,45,0,0,0,24.7,93.6,84,1.0
2020,8,13,20,45,0,0,0,24.7,92.8,75,1.0
2020,8,13,21,45,0,0,0,24.6,92.5,54,0.9
2020,8,13,22,45,0,0,0,24.2,92.7,43,0.8
2020,8,13,23,45,0,0,0,24.3,92.2,51,0.7
2020,8,14,0,45,0,0,0,24.0,92.2,56,0.7
2020,8,14,1,45,0,0,0,23.4,93.8,62,0.7
2020,8,14,2,45,0,0,0,23.3,93.3,58,0.8
2020,8,14,3,45,0,0,0,23.5,91.9,58,1.1
2020,8,14,4,45,0,0,0,23.5,91.6,60,1.3
2020,8,14,5,45,0,3,3,23.7,92.2,42,1.4
2020,8,14,6,45,0,17,17,24.4,92.2,31,1.5
2020,8,14,7,45,0,14,14,25.2,90.9,30,1.2
2020,8,14,8,45,0,30,30,25.4,89.5,26,0.8
2020,8,14,9,45,0,113,113,25.6,86.6,37,0.4
2020,8,14,10,45,0,236,236,26.2,82.8,46,0.5
2020,8,14,11,45,0,294,294,26.5,81.6,27,0.7
2020,8,14,12,45,0,297,297,26.6,83.4,359,0.6
2020,8,14,13,45,0,353,353,27.5,82.0,299,0.3
2020,8,14,14,45,37,402,430,26.6,87.4,253,0.2
2020,8,14,15,45,18,297,306,25.1,96.2,298,0.2
2020,8,14,16,45,353,143,278,25.4,95.9,41,0.3
2020,8,14,17,45,261,55,105,25.6,94.8,75,0.6
2020,8,14,18,45,0,1,1,25.2,94.8,80,0.6
2020,8,14,19,45,0,0,0,25.0,95.3,80,0.6
2020,8,14,20,45,0,0,0,25.2,94.8,85,0.7
2020,8,14,21,45,0,0,0,25.0,92.5,83,0.8
2020,8,14,22,45,0,0,0,24.7,91.1,65,0.9
2020,8,14,23,45,0,0,0,24.7,90.0,52,1.1
2020,8,15,0,45,0,0,0,24.3,90.5,45,1.3
2020,8,15,1,45,0,0,0,23.9,92.4,36,1.2
2020,8,15,2,45,0,0,0,23.9,92.7,28,1.0
2020,8,15,3,45,0,0,0,23.8,93.0,27,0.9
2020,8,15,4,45,0,0,0,24.0,92.5,25,0.7
2020,8,15,5,45,0,6,6,24.3,91.4,27,0.6
2020,8,15,6,45,0,57,57,25.0,91.4,50,0.4
2020,8,15,7,45,0,231,231,25.8,90.1,140,0.4
2020,8,15,8,45,6,345,350,25.9,88.5,159,1.0
2020,8,15,9,45,88,455,528,26.6,85.7,159,1.5
2020,8,15,10,45,0,404,404,27.9,80.1,168,1.7
2020,8,15,11,45,0,404,404,28.0,79.4,175,1.7
2020,8,15,12,45,0,282,282,27.4,82.7,173,1.2
2020,8,15,13,45,0,271,271,27.7,82.5,131,0.4
2020,8,15,14,45,0,147,147,27.1,84.5,63,0.2
2020,8,15,15,45,0,156,156,26.3,88.5,167,0.2
2020,8,15,16,45,0,121,121,26.8,87.2,154,0.3
2020,8,15,17,45,66,68,77,27.0,85.7,121,0.4
2020,8,15,18,45,0,2,2,26.1,87.5,87,0.7
2020,8,15,19,45,0,0,0,25.2,91.7,75,0.8
2020,8,15,20,45,0,0,0,24.9,93.9,79,0.8
2020,8,15,21,45,0,0,0,24.5,93.9,90,0.9
2020,8,15,22,45,0,0,0,24.2,93.3,97,0.9
2020,8,15,23,45,0,0,0,24.4,91.1,85,0.7
2020,8,16,0,45,0,0,0,24.2,90.5,68,0.5
2020,8,16,1,45,0,0,0,24.0,91.3,75,0.6
2020,8,16,2,45,0,0,0,23.5,92.1,108,0.8
2020,8,16,3,45,0,0,0,23.3,92.7,122,0.9
2020,8,16,4,45,0,0,0,23.7,92.7,115,0.7
2020,8,16,5,45,0,8,8,23.8,93.3,110,0.7
2020,8,16,6,45,0,44,44,24.4,92.2,115,0.9
2020,8,16,7,45,0,74,74,24.8,92.5,120,1.0
2020,8,16,8,45,0,161,161,24.7,94.2,112,1.1
2020,8,16,9,45,0,248,248,25.3,91.7,110,1.3
2020,8,16,10,45,0,332,332,26.6,87.2,122,1.6
2020,8,16,11,45,0,339,339,26.8,85.2,129,1.7
2020,8,16,12,45,0,238,238,27.0,80.5,135,1.6
2020,8,16,13,45,0,271,271,27.4,77.2,146,1.5
2020,8,16,14,45,0,200,200,26.9,81.0,159,1.1
2020,8,16,15,45,0,187,187,26.9,82.2,180,0.8
2020,8,16,16,45,0,132,132,27.2,82.0,191,0.8
2020,8,16,17,45,0,55,55,27.0,83.4,184,0.8
2020,8,16,18,45,0,1,1,26.4,85.1,153,0.9
2020,8,16,19,45,0,0,0,25.6,88.7,126,0.9
2020,8,16,20,45,0,0,0,25.3,90.1,104,0.8
2020,8,16,21,45,0,0,0,25.1,90.3,79,0.8
2020,8,16,22,45,0,0,0,24.6,92.2,51,0.7
2020,8,16,23,45,0,0,0,24.2,93.0,30,0.8
2020,8,17,0,45,0,0,0,23.9,93.9,27,0.9
2020,8,17,1,45,0,0,0,23.7,94.4,28,0.9
2020,8,17,2,45,0,0,0,23.5,95.0,24,0.6
2020,8,17,3,45,0,0,0,23.5,94.7,16,0.4
2020,8,17,4,45,0,0,0,24.2,92.7,18,0.5
2020,8,17,5,45,0,4,4,24.7,91.7,17,0.5
2020,8,17,6,45,0,12,12,25.1,92.2,340,0.2
2020,8,17,7,45,0,134,134,25.2,93.1,211,0.4
2020,8,17,8,45,0,217,217,25.2,92.2,205,0.7
2020,8,17,9,45,0,279,279,26.2,87.7,206,0.9
2020,8,17,10,45,0,439,439,27.5,81.5,207,1.1
2020,8,17,11,45,68,533,598,28.2,78.0,208,1.2
2020,8,17,12,45,0,377,377,29.1,74.9,213,1.2
2020,8,17,13,45,0,294,294,30.0,71.6,219,1.0
2020,8,17,14,45,0,244,244,28.6,76.8,245,0.6
2020,8,17,15,45,44,270,292,27.4,81.7,275,0.6
2020,8,17,16,45,285,154,257,27.8,79.4,241,0.8
2020,8,17,17,45,286,50,101,27.8,80.6,211,1.1
2020,8,17,18,45,0,1,1,27.2,82.7,205,0.9
2020,8,17,19,45,0,0,0,26.2,86.7,158,0.4
2020,8,17,20,45,0,0,0,25.4,90.6,60,0.6
2020,8,17,21,45,0,0,0,24.8,92.5,45,0.7
2020,8,17,22,45,0,0,0,24.4,94.5,33,0.5
2020,8,17,23,45,0,0,0,24.5,94.2,23,0.4
2020,8,18,0,45,0,0,0,24.7,89.8,29,0.4
2020,8,18,1,45,0,0,0,24.7,87.6,65,0.5
2020,8,18,2,45,0,0,0,24.5,91.4,76,0.5
2020,8,18,3,45,0,0,0,24.3,93.9,37,0.4
2020,8,18,4,45,0,0,0,24.5,94.2,27,0.6
2020,8,18,5,45,0,12,12,24.8,94.2,27,0.6
2020,8,18,6,45,32,73,85,25.2,92.0,315,0.3
2020,8,18,7,45,543,142,411,25.3,90.1,242,0.6
2020,8,18,8,45,8,335,340,25.1,91.1,225,0.6
2020,8,18,9,45,0,286,286,25.7,88.5,197,0.7
2020,8,18,10,45,15,366,380,27.1,82.2,200,1.1
2020,8,18,11,45,39,451,488,28.0,78.0,212,1.5
2020,8,18,12,45,0,213,213,28.8,75.3,214,1.7
2020,8,18,13,45,0,299,299,29.2,76.1,223,1.8
2020,8,18,14,45,14,344,353,28.2,82.4,233,1.1
2020,8,18,15,45,378,220,430,27.4,86.5,229,0.6
2020,8,18,16,45,26,152,164,27.6,86.3,222,0.7
2020,8,18,17,45,0,56,56,27.9,85.3,188,0.4
2020,8,18,18,45,0,1,1,27.6,84.5,98,0.5
2020,8,18,19,45,0,0,0,26.4,88.8,83,0.8
2020,8,18,20,45,0,0,0,25.2,93.6,84,1.0
2020,8,18,21,45,0,0,0,24.8,94.5,90,1.1
2020,8,18,22,45,0,0,0,24.8,92.5,120,0.9
2020,8,18,23,45,0,0,0,24.8,91.4,162,0.8
2020,8,19,0,45,0,0,0,24.2,93.0,167,0.9
2020,8,19,1,45,0,0,0,24.0,93.0,152,1.0
2020,8,19,2,45,0,0,0,24.0,94.4,130,1.1
2020,8,19,3,45,0,0,0,23.5,97.0,127,1.3
2020,8,19,4,45,0,0,0,23.3,97.0,135,1.2
2020,8,19,5,45,0,5,5,23.2,96.1,131,1.3
2020,8,19,6,45,0,15,15,23.0,96.4,135,1.6
2020,8,19,7,45,0,28,28,22.6,97.3,140,1.6
2020,8,19,8,45,0,91,91,22.2,97.3,131,1.5
2020,8,19,9,45,78,366,433,22.1,97.0,127,1.6
2020,8,19,10,45,535,284,780,22.2,97.6,130,1.3
2020,8,19,11,45,641,253,866,22.2,97.9,133,0.9
2020,8,19,12,45,38,485,521,22.2,98.5,132,0.7
2020,8,19,13,45,0,362,362,22.2,99.4,113,0.6
2020,8,19,14,45,213,357,511,23.7,95.6,72,0.4
2020,8,19,15,45,296,244,409,25.3,91.4,180,0.1
2020,8,19,16,45,341,135,266,25.5,91.4,265,0.6
2020,8,19,17,45,248,49,94,25.4,90.9,323,0.6
2020,8,19,18,45,0,1,1,24.9,90.0,27,0.6
2020,8,19,19,45,0,0,0,24.2,92.5,34,0.5
2020,8,19,20,45,0,0,0,23.8,94.1,23,0.5
2020,8,19,21,45,0,0,0,23.6,94.4,20,0.4
2020,8,19,22,45,0,0,0,23.5,95.0,40,0.5
2020,8,19,23,45,0,0,0,23.5,94.4,58,0.5
2020,8,20,0,45,0,0,0,23.4,94.4,58,0.5
2020,8,20,1,45,0,0,0,23.2,95.0,51,0.6
2020,8,20,2,45,0,0,0,23.0,96.7,45,0.8
2020,8,20,3,45,0,0,0,22.8,98.2,33,1.0
2020,8,20,4,45,0,0,0,23.2,97.0,25,1.3
2020,8,20,5,45,0,13,13,23.6,95.9,24,1.4
2020,8,20,6,45,299,94,195,23.9,94.2,28,1.3
2020,8,20,7,45,710,90,444,24.0,92.7,35,1.2
2020,8,20,8,45,800,103,646,23.9,94.7,47,1.0
2020,8,20,9,45,849,111,810,24.8,93.6,69,0.8
2020,8,20,10,45,850,131,910,26.0,89.0,115,0.9
2020,8,20,11,45,730,211,909,26.6,87.2,135,1.2
2020,8,20,12,45,154,499,643,27.1,84.7,133,1.0
2020,8,20,13,45,835,130,851,27.0,81.7,120,0.7
2020,8,20,14,45,804,118,710,27.4,76.8,112,0.3
2020,8,20,15,45,736,103,521,28.2,72.3,270,0.4
2020,8,20,16,45,599,82,305,28.0,75.7,290,1.0
2020,8,20,17,45,243,44,91,27.4,81.5,303,1.0
2020,8,20,18,45,0,0,0,26.7,84.9,316,1.0
2020,8,20,19,45,0,0,0,25.6,88.2,344,1.0
2020,8,20,20,45,0,0,0,24.8,91.1,15,0.6
2020,8,20,21,45,0,0,0,24.1,93.3,45,0.6
2020,8,20,22,45,0,0,0,23.6,94.1,43,0.9
2020,8,20,23,45,0,0,0,23.4,93.8,36,0.9
2020,8,21,0,45,0,0,0,23.0,93.8,31,0.8
2020,8,21,1,45,0,0,0,22.7,94.4,21,0.5
2020,8,21,2,45,0,0,0,22.2,95.8,31,0.5
2020,8,21,3,45,0,0,0,22.0,96.7,29,0.5
2020,8,21,4,45,0,0,0,22.4,96.1,1,0.7
2020,8,21,5,45,0,7,7,23.2,94.7,352,1.1
2020,8,21,6,45,111,99,140,24.3,90.0,340,1.1
2020,8,21,7,45,521,144,407,25.4,84.3,291,0.7
2020,8,21,8,45,821,93,650,25.8,81.5,231,1.0
2020,8,21,9,45,684,192,746,26.8,78.5,210,1.5
2020,8,21,10,45,647,236,831,27.9,77.0,204,1.7
2020,8,21,11,45,284,436,707,28.2,79.2,203,1.7
2020,8,21,12,45,383,384,743,28.7,80.4,217,1.4
2020,8,21,13,45,107,375,472,29.2,79.6,248,0.9
2020,8,21,14,45,97,342,413,28.1,81.8,280,0.6
2020,8,21,15,45,0,211,211,27.1,83.9,281,0.5
2020,8,21,16,45,0,137,137,27.4,82.0,288,0.5
2020,8,21,17,45,0,60,60,27.3,83.2,283,0.5
2020,8,21,18,45,0,0,0,26.4,87.5,219,0.6
2020,8,21,19,45,0,0,0,25.0,93.1,173,0.9
2020,8,21,20,45,0,0,0,24.1,97.3,137,0.8
2020,8,21,21,45,0,0,0,23.7,98.2,87,0.7
2020,8,21,22,45,0,0,0,23.4,98.2,35,0.8
2020,8,21,23,45,0,0,0,23.5,97.6,15,1.0
2020,8,22,0,45,0,0,0,23.4,97.6,13,1.1
2020,8,22,1,45,0,0,0,23.3,97.3,13,1.1
2020,8,22,2,45,0,0,0,22.9,97.6,21,1.0
2020,8,22,3,45,0,0,0,22.6,97.9,19,0.9
2020,8,22,4,45,0,0,0,23.0,97.0,14,0.8
2020,8,22,5,45,3,25,26,23.6,95.9,17,0.5
2020,8,22,6,45,14,135,140,24.4,91.7,74,0.2
2020,8,22,7,45,435,167,383,25.2,86.3,159,0.5
2020,8,22,8,45,68,329,371,25.8,84.6,173,0.8
2020,8,22,9,45,268,340,568,26.8,82.2,169,1.1
2020,8,22,10,45,565,281,795,27.8,77.0,167,1.3
2020,8,22,11,45,25,376,400,28.0,75.2,164,1.7
2020,8,22,12,45,0,307,307,27.7,77.0,163,1.9
2020,8,22,13,45,0,280,280,27.5,77.2,160,1.5
2020,8,22,14,45,0,118,118,27.4,78.6,158,0.9
2020,8,22,15,45,0,220,220,27.0,79.7,171,0.6
2020,8,22,16,45,169,165,218,26.9,79.5,169,0.5
2020,8,22,17,45,254,40,88,26.8,81.4,166,0.6
2020,8,22,18,45,0,0,0,26.0,85.4,165,0.9
2020,8,22,19,45,0,0,0,24.8,90.3,140,1.1
2020,8,22,20,45,0,0,0,24.2,92.7,104,1.0
2020,8,22,21,45,0,0,0,23.9,93.9,87,1.1
2020,8,22,22,45,0,0,0,23.7,94.1,93,1.1
2020,8,22,23,45,0,0,0,23.8,93.0,110,1.2
2020,8,23,0,45,0,0,0,23.5,92.7,108,1.3
2020,8,23,1,45,0,0,0,23.2,92.7,87,1.3
2020,8,23,2,45,0,0,0,22.8,93.2,78,1.2
2020,8,23,3,45,0,0,0,22.8,93.5,72,1.2
2020,8,23,4,45,0,0,0,23.5,91.9,57,1.0
2020,8,23,5,45,0,13,13,23.8,90.8,61,1.0
2020,8,23,6,45,0,49,49,24.3,89.4,79,1.0
2020,8,23,7,45,0,152,152,25.0,85.8,111,1.3
2020,8,23,8,45,64,338,384,25.4,82.5,129,2.1
2020,8,23,9,45,176,407,547,26.2,78.0,133,2.7
2020,8,23,10,45,113,456,560,27.2,73.7,140,2.9
2020,8,23,11,45,26,503,529,27.1,74.1,146,3.0
2020,8,23,12,45,0,399,399,27.2,76.0,147,2.8
2020,8,23,13,45,0,309,309,27.0,79.3,144,2.4
2020,8,23,14,45,237,322,492,25.5,86.4,129,1.8
2020,8,23,15,45,17,301,311,25.1,90.3,116,1.3
2020,8,23,16,45,4,179,180,25.6,88.5,127,1.0
2020,8,23,17,45,181,51,79,25.6,86.9,130,1.1
2020,8,23,18,45,0,0,0,24.7,89.5,118,1.2
2020,8,23,19,45,0,0,0,24.0,93.3,114,1.3
2020,8,23,20,45,0,0,0,23.8,94.4,123,1.5
2020,8,23,21,45,0,0,0,23.4,95.3,124,1.5
2020,8,23,22,45,0,0,0,23.2,95.3,122,1.5
2020,8,23,23,45,0,0,0,23.2,93.8,122,1.5
2020,8,24,0,45,0,0,0,23.2,92.7,116,1.6
2020,8,24,1,45,0,0,0,23.0,92.4,97,1.4
2020,8,24,2,45,0,0,0,22.8,92.7,85,1.1
2020,8,24,3,45,0,0,0,22.9,92.1,87,1.1
2020,8,24,4,45,0,0,0,23.6,89.9,77,1.1
2020,8,24,5,45,0,6,6,24.0,88.9,69,1.1
2020,8,24,6,45,5,69,71,24.5,88.9,72,1.1
2020,8,24,7,45,524,135,401,25.2,86.8,79,1.1
2020,8,24,8,45,444,242,536,25.6,84.5,95,1.1
2020,8,24,9,45,382,325,641,26.6,79.3,121,1.4
2020,8,24,10,45,481,316,749,27.9,73.4,143,1.9
2020,8,24,11,45,142,482,617,27.9,73.2,156,2.4
2020,8,24,12,45,0,500,500,28.0,73.9,165,2.4
2020,8,24,13,45,0,369,369,27.8,76.1,165,2.2
2020,8,24,14,45,0,321,321,26.6,81.9,159,1.7
2020,8,24,15,45,0,156,156,26.0,86.9,165,1.3
2020,8,24,16,45,0,159,159,25.8,87.9,173,1.2
2020,8,24,17,45,38,58,64,25.9,86.4,164,0.9
2020,8,24,18,45,0,0,0,25.4,86.9,141,0.7
2020,8,24,19,45,0,0,0,24.3,90.8,106,0.8
2020,8,24,20,45,0,0,0,23.7,93.0,81,0.9
2020,8,24,21,45,0,0,0,23.4,93.0,80,0.9
2020,8,24,22,45,0,0,0,23.2,92.1,97,0.9
2020,8,24,23,45,0,0,0,23.3,90.5,99,0.9
2020,8,25,0,45,0,0,0,23.0,91.3,93,1.0
2020,8,25,1,45,0,0,0,22.9,92.4,93,1.0
2020,8,25,2,45,0,0,0,23.0,93.5,97,0.9
2020,8,25,3,45,0,0,0,23.1,95.0,83,0.8
2020,8,25,4,45,0,0,0,23.5,94.1,56,1.0
2020,8,25,5,45,0,11,11,24.0,93.0,40,0.9
2020,8,25,6,45,126,111,155,24.6,91.7,7,0.4
2020,8,25,7,45,292,206,349,25.5,87.9,249,0.4
2020,8,25,8,45,641,163,597,26.0,85.1,210,0.9
2020,8,25,9,45,553,255,704,26.8,82.7,197,1.2
2020,8,25,10,45,284,415,669,27.6,80.3,192,1.5
2020,8,25,11,45,89,524,608,28.0,79.2,187,1.7
2020,8,25,12,45,62,505,564,28.3,78.0,188,1.7
2020,8,25,13,45,0,345,345,28.5,78.5,195,1.6
2020,8,25,14,45,0,160,160,28.0,77.7,200,1.3
2020,8,25,15,45,23,238,250,27.6,77.0,199,1.1
2020,8,25,16,45,0,150,150,27.9,79.1,191,0.8
2020,8,25,17,45,13,55,57,27.8,80.6,193,0.5
2020,8,25,18,45,0,0,0,27.3,82.7,173,0.4
2020,8,25,19,45,0,0,0,26.4,88.3,180,0.4
2020,8,25,20,45,0,0,0,25.8,91.7,237,0.4
2020,8,25,21,45,0,0,0,24.6,93.6,308,0.5
2020,8,25,22,45,0,0,0,23.6,95.6,351,0.7
2020,8,25,23,45,0,0,0,23.6,95.0,17,0.7
2020,8,26,0,45,0,0,0,23.5,94.7,30,0.7
2020,8,26,1,45,0,0,0,23.2,95.0,37,0.8
2020,8,26,2,45,0,0,0,22.8,96.1,27,0.8
2020,8,26,3,45,0,0,0,22.7,96.7,10,0.9
2020,8,26,4,45,0,0,0,23.0,94.4,9,0.9
2020,8,26,5,45,0,16,16,23.8,91.9,11,1.0
2020,8,26,6,45,392,81,201,25.2,88.4,9,1.0
2020,8,26,7,45,712,89,438,26.6,84.9,344,0.6
2020,8,26,8,45,806,100,642,27.2,82.0,282,0.6
2020,8,26,9,45,826,122,795,28.4,76.4,246,1.1
2020,8,26,10,45,558,280,781,29.9,71.3,240,1.5
2020,8,26,11,45,16,496,511,30.7,68.1,234,1.5
2020,8,26,12,45,0,417,417,30.4,69.6,219,1.6
2020,8,26,13,45,142,428,549,29.4,75.0,195,1.4
2020,8,26,14,45,0,276,276,27.5,83.1,161,1.2
2020,8,26,15,45,0,86,86,26.0,88.2,117,1.2
2020,8,26,16,45,0,59,59,26.4,86.7,77,1.2
2020,8,26,17,45,6,41,41,26.8,84.9,62,1.0
2020,8,26,18,45,0,0,0,26.4,85.1,47,0.9
2020,8,26,19,45,0,0,0,25.3,89.0,32,0.8
2020,8,26,20,45,0,0,0,24.5,91.1,30,0.7
2020,8,26,21,45,0,0,0,24.0,89.1,49,0.6
2020,8,26,22,45,0,0,0,23.3,89.1,59,0.6
2020,8,26,23,45,0,0,0,23.2,89.4,55,0.6
2020,8,27,0,45,0,0,0,23.2,89.1,45,0.6
2020,8,27,1,45,0,0,0,22.9,89.6,29,0.5
2020,8,27,2,45,0,0,0,22.7,91.5,23,0.7
2020,8,27,3,45,0,0,0,22.6,92.9,25,0.7
2020,8,27,4,45,0,0,0,22.8,90.7,27,0.7
2020,8,27,5,45,0,5,5,23.2,88.8,21,0.7
2020,8,27,6,45,0,25,25,24.2,87.5,19,0.6
2020,8,27,7,45,0,110,110,25.4,84.8,357,0.2
2020,8,27,8,45,42,316,347,25.9,82.8,225,0.4
2020,8,27,9,45,650,204,738,26.8,78.8,216,0.7
2020,8,27,10,45,902,99,916,27.8,75.2,215,1.0
2020,8,27,11,45,864,127,943,27.8,77.5,217,1.5
2020,8,27,12,45,678,229,855,27.2,81.0,216,1.8
2020,8,27,13,45,596,247,751,27.3,81.2,224,1.7
2020,8,27,14,45,701,156,658,27.4,78.8,236,1.3
2020,8,27,15,45,786,79,508,26.8,78.0,238,0.9
2020,8,27,16,45,621,72,284,26.8,79.5,223,0.9
2020,8,27,17,45,279,32,79,26.7,81.9,202,0.9
2020,8,27,18,45,0,0,0,25.6,86.9,176,0.8
2020,8,27,19,45,0,0,0,25.2,90.3,157,0.8
2020,8,27,20,45,0,0,0,25.4,90.6,137,0.8
2020,8,27,21,45,0,0,0,25.0,92.0,99,0.7
2020,8,27,22,45,0,0,0,24.7,92.5,54,0.6
2020,8,27,23,45,0,0,0,24.7,92.5,15,0.6
2020,8,28,0,45,0,0,0,24.5,93.0,0,0.7
2020,8,28,1,45,0,0,0,24.4,93.0,4,0.8
2020,8,28,2,45,0,0,0,24.0,93.3,16,0.9
2020,8,28,3,45,0,0,0,23.5,93.0,19,0.9
2020,8,28,4,45,0,0,0,24.0,90.2,20,0.7
2020,8,28,5,45,0,10,10,24.5,88.1,29,0.5
2020,8,28,6,45,0,61,61,24.8,87.1,337,0.2
2020,8,28,7,45,0,92,92,25.2,86.3,277,0.4
2020,8,28,8,45,0,152,152,25.3,87.4,277,0.4
2020,8,28,9,45,82,316,386,25.2,87.9,218,0.5
2020,8,28,10,45,65,463,520,25.2,89.5,191,1.0
2020,8,28,11,45,0,269,269,25.1,91.4,191,1.1
2020,8,28,12,45,0,313,313,24.6,92.8,203,0.6
2020,8,28,13,45,0,377,377,24.6,92.5,258,0.3
2020,8,28,14,45,0,253,253,24.7,89.7,317,0.8
2020,8,28,15,45,0,222,222,24.8,87.3,323,1.2
2020,8,28,16,45,132,160,199,25.2,85.8,317,0.8
2020,8,28,17,45,105,41,60,25.1,87.1,315,0.6
2020,8,28,18,45,0,0,0,24.7,89.2,321,0.7
2020,8,28,19,45,0,0,0,24.2,91.4,351,0.6
2020,8,28,20,45,0,0,0,23.7,93.3,28,0.6
2020,8,28,21,45,0,0,0,23.0,94.7,34,0.7
2020,8,28,22,45,0,0,0,22.6,96.1,42,0.6
2020,8,28,23,45,0,0,0,22.6,96.4,66,0.5
2020,8,29,0,45,0,0,0,22.5,96.4,85,0.6
2020,8,29,1,45,0,0,0,22.3,96.4,86,0.7
2020,8,29,2,45,0,0,0,22.5,95.2,65,0.6
2020,8,29,3,45,0,0,0,22.7,94.1,37,0.5
2020,8,29,4,45,0,0,0,23.2,92.4,20,0.4
2020,8,29,5,45,0,14,14,23.9,90.2,17,0.5
2020,8,29,6,45,23,98,106,24.6,88.1,0,0.6
2020,8,29,7,45,651,105,421,25.0,86.0,309,0.5
2020,8,29,8,45,77,359,406,25.3,84.0,245,0.6
2020,8,29,9,45,230,389,578,26.5,77.8,210,0.9
2020,8,29,10,45,222,444,644,28.0,71.0,200,1.2
2020,8,29,11,45,1,505,505,29.2,67.9,203,1.3
2020,8,29,12,45,0,467,467,30.4,65.5,211,1.5
2020,8,29,13,45,228,396,585,30.5,65.7,203,1.4
2020,8,29,14,45,186,358,485,28.7,73.6,185,1.0
2020,8,29,15,45,410,196,424,27.2,82.0,165,0.7
2020,8,29,16,45,163,157,209,27.2,82.2,158,0.9
2020,8,29,17,45,121,44,62,27.1,82.2,159,0.9
2020,8,29,18,45,0,0,0,26.4,85.4,144,0.7
2020,8,29,19,45,0,0,0,25.2,90.1,111,0.5
2020,8,29,20,45,0,0,0,24.5,92.5,105,0.6
2020,8,29,21,45,0,0,0,23.8,93.0,101,0.8
2020,8,29,22,45,0,0,0,23.4,94.1,87,1.0
2020,8,29,23,45,0,0,0,23.4,93.8,71,0.9
2020,8,30,0,45,0,0,0,23.2,93.8,62,1.0
2020,8,30,1,45,0,0,0,22.9,94.1,69,1.0
2020,8,30,2,45,0,0,0,23.0,92.7,80,1.3
2020,8,30,3,45,0,0,0,23.2,90.7,84,1.6
2020,8,30,4,45,0,0,0,23.6,88.6,86,1.5
2020,8,30,5,45,0,5,5,23.9,87.0,96,1.5
2020,8,30,6,45,0,22,22,24.4,86.2,104,1.6
2020,8,30,7,45,0,120,120,24.7,85.7,113,2.1
2020,8,30,8,45,167,305,424,25.0,85.5,121,2.7
2020,8,30,9,45,579,248,715,25.8,80.8,127,3.0
2020,8,30,10,45,610,266,815,27.2,73.3,133,3.2
2020,8,30,11,45,71,511,578,28.1,69.7,137,3.2
2020,8,30,12,45,15,470,484,28.7,68.6,139,3.1
2020,8,30,13,45,23,407,428,29.2,68.7,142,2.9
2020,8,30,14,45,0,165,165,28.4,71.5,150,2.6
2020,8,30,15,45,0,157,157,27.3,74.9,154,2.4
2020,8,30,16,45,0,105,105,26.8,77.6,153,2.1
2020,8,30,17,45,0,43,43,26.7,79.5,145,1.6
2020,8,30,18,45,0,0,0,26.2,83.1,131,1.2
2020,8,30,19,45,0,0,0,25.0,88.4,130,0.7
2020,8,30,20,45,0,0,0,24.4,90.8,120,0.4
2020,8,30,21,45,0,0,0,24.0,91.9,90,0.5
2020,8,30,22,45,0,0,0,23.5,92.7,66,0.5
2020,8,30,23,45,0,0,0,23.5,91.9,45,0.6
2020,8,31,0,45,0,0,0,23.1,92.7,36,0.7
2020,8,31,1,45,0,0,0,22.7,94.4,35,0.8
2020,8,31,2,45,0,0,0,22.5,95.0,30,0.7
2020,8,31,3,45,0,0,0,22.5,95.2,20,0.6
2020,8,31,4,45,0,0,0,23.1,92.1,17,0.7
2020,8,31,5,45,0,12,12,24.0,88.3,18,0.8
2020,8,31,6,45,0,83,83,24.9,83.7,31,0.7
2020,8,31,7,45,62,249,282,25.9,77.9,100,0.4
2020,8,31,8,45,437,248,543,26.6,74.5,175,0.8
2020,8,31,9,45,316,368,620,28.0,69.9,190,1.2
2020,8,31,10,45,206,462,645,29.2,66.2,200,1.4
2020,8,31,11,45,54,528,579,29.3,66.0,208,1.8
2020,8,31,12,45,10,537,546,29.5,66.5,214,2.1
2020,8,31,13,45,2,472,474,29.6,67.3,219,2.2
2020,8,31,14,45,0,278,278,29.0,70.1,223,2.3
2020,8,31,15,45,0,172,172,28.3,74.1,225,2.2
2020,8,31,16,45,0,136,136,27.9,76.3,223,1.8
2020,8,31,17,45,36,46,49,27.6,78.6,219,1.3
2020,8,31,18,45,0,0,0,27.0,82.2,223,1.1
2020,8,31,19,45,0,0,0,26.3,85.9,229,1.0
2020,8,31,20,45,0,0,0,25.6,89.3,238,0.8
2020,8,31,21,45,0,0,0,25.0,91.1,250,0.7
2020,8,31,22,45,0,0,0,24.8,91.4,266,0.8
2020,8,31,23,45,0,0,0,24.7,91.7,281,0.8
2020,9,1,0,45,0,0,0,24.3,92.8,284,0.8
2020,9,1,1,45,0,0,0,24.0,93.6,284,0.8
2020,9,1,2,45,0,0,0,23.5,95.0,288,0.8
2020,9,1,3,45,0,0,0,23.6,95.3,293,0.7
2020,9,1,4,45,0,0,0,24.3,92.2,307,0.6
2020,9,1,5,45,0,13,13,24.9,88.4,325,0.6
2020,9,1,6,45,0,99,99,25.4,85.8,323,0.5
2020,9,1,7,45,98,246,297,25.8,83.5,271,0.7
2020,9,1,8,45,613,187,598,25.9,82.3,240,1.4
2020,9,1,9,45,721,192,770,26.9,78.8,235,1.9
2020,9,1,10,45,686,237,853,28.2,73.7,233,2.2
2020,9,1,11,45,492,342,801,28.5,73.0,230,2.2
2020,9,1,12,45,111,506,608,28.4,73.0,226,2.2
2020,9,1,13,45,3,445,447,28.4,72.6,225,2.1
2020,9,1,14,45,11,374,382,28.2,74.1,226,1.8
2020,9,1,15,45,0,164,164,27.9,75.2,221,1.5
2020,9,1,16,45,0,98,98,27.6,75.6,207,1.2
2020,9,1,17,45,0,35,35,27.7,74.7,198,0.9
2020,9,1,18,45,0,0,0,27.6,76.1,206,0.6
2020,9,1,19,45,0,0,0,26.4,81.9,267,0.4
2020,9,1,20,45,0,0,0,25.4,86.1,312,0.9
2020,9,1,21,45,0,0,0,24.6,89.5,324,1.2
2020,9,1,22,45,0,0,0,24.0,92.2,338,1.0
2020,9,1,23,45,0,0,0,23.8,91.9,348,1.0
2020,9,2,0,45,0,0,0,23.6,93.0,354,1.0
2020,9,2,1,45,0,0,0,23.4,94.4,3,0.9
2020,9,2,2,45,0,0,0,23.0,95.6,18,0.8
2020,9,2,3,45,0,0,0,22.7,96.4,42,0.8
2020,9,2,4,45,0,0,0,23.2,95.0,57,0.8
2020,9,2,5,45,0,7,7,23.8,92.7,57,0.8
2020,9,2,6,45,0,89,89,24.7,91.7,75,0.7
2020,9,2,7,45,266,193,334,25.4,91.1,119,0.8
2020,9,2,8,45,375,269,508,25.8,89.0,139,1.0
2020,9,2,9,45,0,362,362,27.0,82.5,154,1.2
2020,9,2,10,45,0,401,401,28.6,74.9,163,1.6
2020,9,2,11,45,0,328,328,29.4,71.5,162,1.5
2020,9,2,12,45,0,358,358,28.9,75.2,149,1.2
2020,9,2,13,45,0,294,294,28.0,81.1,139,1.0
2020,9,2,14,45,0,253,253,27.4,84.7,123,0.5
2020,9,2,15,45,0,179,179,27.0,86.7,140,0.3
2020,9,2,16,45,0,129,129,27.1,87.8,180,0.4
2020,9,2,17,45,72,37,47,27.0,87.8,189,0.6
2020,9,2,18,45,0,0,0,26.2,89.3,172,0.8
2020,9,2,19,45,0,0,0,25.3,92.8,118,0.7
2020,9,2,20,45,0,0,0,25.1,93.4,67,0.7
2020,9,2,21,45,0,0,0,24.8,94.2,41,0.6
2020,9,2,22,45,0,0,0,24.4,95.0,27,0.6
2020,9,2,23,45,0,0,0,24.2,94.4,24,0.5
2020,9,3,0,45,0,0,0,24.1,94.2,27,0.4
2020,9,3,1,45,0,0,0,23.9,95.0,27,0.4
2020,9,3,2,45,0,0,0,23.5,94.4,38,0.6
2020,9,3,3,45,0,0,0,23.3,92.7,33,0.7
2020,9,3,4,45,0,0,0,23.7,91.3,17,0.5
2020,9,3,5,45,0,16,16,24.0,90.0,17,0.5
2020,9,3,6,45,0,48,48,24.4,90.0,18,0.6
2020,9,3,7,45,0,152,152,25.0,90.0,71,0.3
2020,9,3,8,45,30,374,395,25.2,89.0,161,0.7
2020,9,3,9,45,7,445,450,26.2,83.4,153,1.1
2020,9,3,10,45,3,518,521,27.0,80.2,156,1.1
2020,9,3,11,45,87,525,605,27.2,81.5,151,1.1
2020,9,3,12,45,86,495,574,28.0,78.9,147,1.4
2020,9,3,13,45,20,438,456,28.5,77.1,148,1.5
2020,9,3,14,45,35,327,349,28.6,74.7,162,1.4
2020,9,3,15,45,584,143,444,28.5,73.5,172,1.1
2020,9,3,16,45,469,93,240,28.4,74.6,173,0.8
2020,9,3,17,45,155,30,53,28.4,76.9,180,0.8
2020,9,3,18,45,0,0,0,27.7,79.8,176,0.8
2020,9,3,19,45,0,0,0,26.4,84.7,103,0.3
2020,9,3,20,45,0,0,0,25.5,89.8,29,0.5
2020,9,3,21,45,0,0,0,24.8,91.1,20,0.6
2020,9,3,22,45,0,0,0,24.0,93.6,18,0.6
2020,9,3,23,45,0,0,0,24.2,93.9,18,0.6
2020,9,4,0,45,0,0,0,24.0,93.3,18,0.6
2020,9,4,1,45,0,0,0,23.7,93.6,18,0.6
2020,9,4,2,45,0,0,0,23.2,95.6,17,0.7
2020,9,4,3,45,0,0,0,22.8,97.6,18,0.8
2020,9,4,4,45,0,0,0,23.6,95.0,24,0.9
2020,9,4,5,45,0,16,16,24.3,91.6,30,1.0
2020,9,4,6,45,129,118,158,25.2,86.9,36,0.9
2020,9,4,7,45,176,232,314,26.0,82.3,100,0.4
2020,9,4,8,45,212,323,462,26.1,81.1,173,0.9
2020,9,4,9,45,15,451,462,26.8,77.8,186,1.3
2020,9,4,10,45,3,475,478,28.0,72.3,195,1.6
2020,9,4,11,45,348,404,727,28.5,70.2,198,1.7
2020,9,4,12,45,645,245,829,29.1,69.7,200,1.6
2020,9,4,13,45,22,458,477,29.4,70.2,198,1.4
2020,9,4,14,45,0,278,278,28.8,74.0,211,1.0
2020,9,4,15,45,0,177,177,28.5,77.6,225,0.6
2020,9,4,16,45,17,134,137,28.4,78.0,208,0.7
2020,9,4,17,45,30,36,41,28.5,76.2,212,0.9
2020,9,4,18,45,0,0,0,27.4,79.6,229,1.1
2020,9,4,19,45,0,0,0,25.5,88.0,267,0.8
2020,9,4,20,45,0,0,0,24.7,91.1,348,0.5
2020,9,4,21,45,0,0,0,24.3,91.1,31,0.6
2020,9,4,22,45,0,0,0,24.2,91.1,36,0.7
2020,9,4,23,45,0,0,0,24.3,90.0,31,0.6
2020,9,5,0,45,0,0,0,23.8,90.5,14,0.4
2020,9,5,1,45,0,0,0,23.2,91.0,11,0.5
2020,9,5,2,45,0,0,0,23.3,89.4,25,0.4
2020,9,5,3,45,0,0,0,23.5,89.7,23,0.4
2020,9,5,4,45,0,0,0,24.0,88.6,16,0.7
2020,9,5,5,45,16,17,19,24.7,86.3,25,0.7
2020,9,5,6,45,515,65,205,25.6,83.3,49,0.6
2020,9,5,7,45,703,92,426,26.7,77.6,115,0.6
2020,9,5,8,45,678,156,599,27.2,73.7,175,1.1
2020,9,5,9,45,575,248,702,28.3,68.7,197,1.6
2020,9,5,10,45,405,364,721,29.7,63.6,201,1.8
2020,9,5,11,45,152,506,647,30.0,62.1,212,1.5
2020,9,5,12,45,0,410,410,29.7,63.8,221,1.0
2020,9,5,13,45,21,394,411,29.6,65.5,231,0.8
2020,9,5,14,45,0,274,274,28.0,72.9,247,1.0
2020,9,5,15,45,0,196,196,26.1,82.3,218,0.6
2020,9,5,16,45,87,146,175,25.9,83.3,203,0.3
2020,9,5,17,45,10,35,36,26.0,83.3,263,0.4
2020,9,5,18,45,0,0,0,26.0,84.1,326,0.5
2020,9,5,19,45,0,0,0,25.0,87.4,5,0.7
2020,9,5,20,45,0,0,0,24.2,90.8,17,0.7
2020,9,5,21,45,0,0,0,23.6,91.9,13,0.7
2020,9,5,22,45,0,0,0,23.3,91.6,11,0.5
2020,9,5,23,45,0,0,0,23.5,90.2,18,0.5
2020,9,6,0,45,0,0,0,23.0,91.8,22,0.5
2020,9,6,1,45,0,0,0,22.5,93.2,24,0.5
2020,9,6,2,45,0,0,0,22.6,91.5,20,0.4
2020,9,6,3,45,0,0,0,22.7,92.4,20,0.4
2020,9,6,4,45,0,0,0,23.0,93.0,29,0.5
2020,9,6,5,45,0,10,10,23.7,90.5,27,0.7
2020,9,6,6,45,0,122,122,24.4,88.4,28,0.7
2020,9,6,7,45,0,245,245,25.3,84.8,50,0.4
2020,9,6,8,45,130,350,440,25.9,81.1,168,0.3
2020,9,6,9,45,460,311,677,27.1,75.8,209,0.9
2020,9,6,10,45,768,191,873,28.4,71.3,218,1.5
2020,9,6,11,45,625,280,856,28.8,72.0,220,1.8
2020,9,6,12,45,174,490,647,28.9,74.9,220,1.9
2020,9,6,13,45,17,493,507,29.1,75.2,212,1.9
2020,9,6,14,45,0,361,361,27.8,75.6,222,1.2
2020,9,6,15,45,0,187,187,26.3,78.7,242,0.7
2020,9,6,16,45,0,121,121,26.3,80.6,222,0.7
2020,9,6,17,45,0,20,20,26.4,80.9,163,0.3
2020,9,6,18,45,0,0,0,26.0,82.3,102,0.3
2020,9,6,19,45,0,0,0,24.9,86.8,118,0.3
2020,9,6,20,45,0,0,0,24.3,90.0,86,0.6
2020,9,6,21,45,0,0,0,24.2,90.5,59,0.8
2020,9,6,22,45,0,0,0,24.2,90.8,38,0.9
2020,9,6,23,45,0,0,0,24.4,89.2,21,1.0
2020,9,7,0,45,0,0,0,24.2,88.6,10,0.9
2020,9,7,1,45,0,0,0,23.7,89.9,4,0.7
2020,9,7,2,45,0,0,0,23.2,91.0,4,0.7
2020,9,7,3,45,0,0,0,23.0,91.0,15,0.8
2020,9,7,4,45,0,0,0,23.5,87.8,24,0.9
2020,9,7,5,45,0,10,10,24.0,86.2,31,0.9
2020,9,7,6,45,0,88,88,24.8,85.5,43,0.7
2020,9,7,7,45,80,225,268,25.8,82.3,98,0.4
2020,9,7,8,45,241,322,479,26.4,80.9,192,0.6
2020,9,7,9,45,404,337,659,27.0,79.3,213,1.1
2020,9,7,10,45,296,439,700,28.0,75.4,220,1.5
2020,9,7,11,45,281,461,719,28.8,74.4,222,1.9
2020,9,7,12,45,115,505,609,29.0,74.9,223,2.1
2020,9,7,13,45,0,326,326,28.8,77.7,234,1.9
2020,9,7,14,45,0,314,314,27.8,80.1,246,1.5
2020,9,7,15,45,150,248,319,27.6,78.6,250,1.2
2020,9,7,16,45,102,145,176,27.8,78.4,244,0.9
2020,9,7,17,45,20,32,35,27.6,78.2,212,0.8
2020,9,7,18,45,0,0,0,27.2,78.3,183,0.6
2020,9,7,19,45,0,0,0,25.8,84.6,84,0.4
2020,9,7,20,45,0,0,0,24.4,90.5,45,0.8
2020,9,7,21,45,0,0,0,23.8,91.9,40,0.8
2020,9,7,22,45,0,0,0,23.2,92.7,31,0.6
2020,9,7,23,45,0,0,0,23.3,92.4,15,0.4
2020,9,8,0,45,0,0,0,23.5,91.6,348,0.3
2020,9,8,1,45,0,0,0,23.8,89.9,6,0.3
2020,9,8,2,45,0,0,0,23.5,91.6,45,0.4
2020,9,8,3,45,0,0,0,23.0,94.1,50,0.5
2020,9,8,4,45,0,0,0,23.9,91.1,39,0.6
2020,9,8,5,45,0,5,5,24.6,88.1,39,0.6
2020,9,8,6,45,0,70,70,24.8,87.6,62,0.5
2020,9,8,7,45,233,200,319,25.3,85.3,108,0.5
2020,9,8,8,45,388,271,523,25.8,83.0,155,0.5
2020,9,8,9,45,323,372,628,26.8,78.1,196,0.8
2020,9,8,10,45,677,243,842,28.0,71.7,210,1.4
2020,9,8,11,45,686,249,878,28.4,71.5,216,1.8
2020,9,8,12,45,636,267,835,28.9,73.8,221,1.9
2020,9,8,13,45,377,354,661,28.7,76.0,235,1.7
2020,9,8,14,45,15,393,403,27.3,81.8,261,1.2
2020,9,8,15,45,0,254,254,26.8,85.9,277,0.9
2020,9,8,16,45,11,135,137,26.4,87.2,298,0.6
2020,9,8,17,45,11,27,29,26.2,84.9,332,0.3
2020,9,8,18,45,0,0,0,26.1,83.3,0,0.2
2020,9,8,19,45,0,0,0,25.4,86.9,7,0.4
2020,9,8,20,45,0,0,0,24.8,89.5,14,0.4
2020,9,8,21,45,0,0,0,24.1,92.5,33,0.4
2020,9,8,22,45,0,0,0,23.8,94.1,53,0.5
2020,9,8,23,45,0,0,0,23.8,93.0,56,0.8
2020,9,9,0,45,0,0,0,23.7,92.4,54,0.9
2020,9,9,1,45,0,0,0,23.7,92.2,52,0.8
2020,9,9,2,45,0,0,0,23.4,92.7,60,0.6
2020,9,9,3,45,0,0,0,23.2,93.3,51,0.5
2020,9,9,4,45,0,0,0,23.8,91.6,36,0.7
2020,9,9,5,45,0,3,3,24.2,90.8,38,0.6
2020,9,9,6,45,52,99,116,24.6,91.1,41,0.5
2020,9,9,7,45,179,228,313,25.2,89.8,55,0.3
2020,9,9,8,45,447,244,539,25.2,89.8,181,0.2
2020,9,9,9,45,509,289,689,26.8,83.8,213,0.7
2020,9,9,10,45,616,274,816,28.7,75.1,223,1.3
2020,9,9,11,45,232,478,690,28.5,74.2,226,1.7
2020,9,9,12,45,49,492,536,28.6,74.2,226,1.9
2020,9,9,13,45,0,408,408,28.5,74.2,230,2.0
2020,9,9,14,45,0,249,249,27.2,79.1,231,1.1
2020,9,9,15,45,0,171,171,26.3,82.8,205,0.2
2020,9,9,16,45,0,109,109,26.2,83.6,166,0.2
2020,9,9,17,45,0,23,23,26.5,84.1,115,0.3
2020,9,9,18,45,0,0,0,26.4,84.9,74,0.5
2020,9,9,19,45,0,0,0,25.4,88.7,67,0.8
2020,9,9,20,45,0,0,0,24.7,91.1,71,0.9
2020,9,9,21,45,0,0,0,24.6,90.8,66,0.9
2020,9,9,22,45,0,0,0,24.4,91.1,60,0.8
2020,9,9,23,45,0,0,0,24.4,91.6,74,0.7
2020,9,10,0,45,0,0,0,24.3,93.0,103,0.7
2020,9,10,1,45,0,0,0,24.0,94.1,106,0.7
2020,9,10,2,45,0,0,0,23.3,94.1,76,0.4
2020,9,10,3,45,0,0,0,22.6,93.8,326,0.2
2020,9,10,4,45,0,0,0,22.8,92.7,12,0.4
2020,9,10,5,45,0,1,1,23.2,92.4,27,0.6
2020,9,10,6,45,0,41,41,24.0,92.2,28,0.3
2020,9,10,7,45,0,186,186,24.7,89.7,165,0.3
2020,9,10,8,45,127,352,437,24.8,86.8,186,1.0
2020,9,10,9,45,285,384,611,26.4,80.9,191,1.3
2020,9,10,10,45,693,235,844,27.7,75.9,200,1.4
2020,9,10,11,45,330,430,730,27.7,76.3,210,1.6
2020,9,10,12,45,49,523,568,27.8,78.4,215,1.9
2020,9,10,13,45,83,455,519,27.8,80.1,221,2.0
2020,9,10,14,45,397,279,540,27.4,79.6,224,1.7
2020,9,10,15,45,71,252,292,27.2,79.5,225,1.3
2020,9,10,16,45,0,113,113,27.2,79.5,227,1.1
2020,9,10,17,45,0,22,22,27.6,78.6,223,0.9
2020,9,10,18,45,0,0,0,27.4,80.5,189,0.7
2020,9,10,19,45,0,0,0,25.8,87.8,141,0.7
2020,9,10,20,45,0,0,0,24.6,93.0,122,0.8
2020,9,10,21,45,0,0,0,24.5,91.9,113,0.9
2020,9,10,22,45,0,0,0,24.5,91.1,100,1.1
2020,9,10,23,45,0,0,0,24.7,89.7,90,1.2
2020,9,11,0,45,0,0,0,24.8,88.9,70,0.9
2020,9,11,1,45,0,0,0,24.5,89.4,45,0.6
2020,9,11,2,45,0,0,0,24.2,90.8,13,0.4
2020,9,11,3,45,0,0,0,24.0,93.0,351,0.3
2020,9,11,4,45,0,0,0,24.4,92.2,0,0.1
2020,9,11,5,45,0,11,11,24.9,90.6,180,0.0
2020,9,11,6,45,13,107,112,25.0,89.5,207,0.1
2020,9,11,7,45,424,167,370,25.2,86.3,199,0.3
2020,9,11,8,45,609,193,586,25.3,84.0,192,0.8
2020,9,11,9,45,470,313,682,26.5,78.3,192,1.2
2020,9,11,10,45,728,224,861,28.1,71.0,194,1.4
2020,9,11,11,45,534,338,823,28.6,68.2,198,1.6
2020,9,11,12,45,669,258,847,29.3,66.0,206,1.7
2020,9,11,13,45,707,210,776,29.8,64.8,211,1.9
2020,9,11,14,45,398,279,550,29.6,64.5,213,1.9
2020,9,11,15,45,229,239,345,28.3,67.1,216,1.9
2020,9,11,16,45,249,114,185,27.0,74.6,217,1.6
2020,9,11,17,45,36,24,29,26.3,81.9,212,1.1
2020,9,11,18,45,0,0,0,25.2,87.4,176,0.8
2020,9,11,19,45,0,0,0,24.6,91.9,135,0.9
2020,9,11,20,45,0,0,0,24.8,92.8,121,0.9
2020,9,11,21,45,0,0,0,24.5,93.0,104,0.9
2020,9,11,22,45,0,0,0,24.3,93.6,93,0.9
2020,9,11,23,45,0,0,0,24.6,93.0,101,0.6
2020,9,12,0,45,0,0,0,24.3,93.9,104,0.4
2020,9,12,1,45,0,0,0,23.9,94.4,79,0.3
2020,9,12,2,45,0,0,0,23.7,93.9,30,0.3
2020,9,12,3,45,0,0,0,23.7,93.3,0,0.6
2020,9,12,4,45,0,0,0,24.2,91.9,350,0.6
2020,9,12,5,45,0,12,12,24.7,90.0,354,0.5
2020,9,12,6,45,0,82,82,24.9,88.4,327,0.3
2020,9,12,7,45,59,234,265,25.4,85.3,246,0.5
2020,9,12,8,45,134,355,441,25.8,82.0,223,1.0
2020,9,12,9,45,202,419,580,26.8,76.9,223,1.3
2020,9,12,10,45,386,394,731,28.3,69.8,226,1.5
2020,9,12,11,45,161,510,655,29.0,66.2,228,1.6
2020,9,12,12,45,170,495,645,29.8,64.0,226,1.7
2020,9,12,13,45,84,471,539,30.4,62.9,225,1.8
2020,9,12,14,45,0,382,382,29.6,68.0,224,1.8
2020,9,12,15,45,0,232,232,28.6,74.9,223,1.7
2020,9,12,16,45,0,118,118,28.1,78.0,219,1.4
2020,9,12,17,45,0,23,23,27.7,80.6,201,1.1
2020,9,12,18,45,0,0,0,26.9,84.7,177,1.0
2020,9,12,19,45,0,0,0,26.0,89.8,163,0.9
2020,9,12,20,45,0,0,0,25.8,91.4,149,0.5
2020,9,12,21,45,0,0,0,25.2,92.3,94,0.4
2020,9,12,22,45,0,0,0,24.7,93.6,66,0.6
2020,9,12,23,45,0,0,0,24.6,92.8,60,0.7
2020,9,13,0,45,0,0,0,24.2,93.3,57,0.8
2020,9,13,1,45,0,0,0,23.8,93.6,62,1.0
2020,9,13,2,45,0,0,0,23.6,93.8,77,0.8
2020,9,13,3,45,0,0,0,23.6,94.4,71,0.6
2020,9,13,4,45,0,0,0,24.1,92.7,41,0.6
2020,9,13,5,45,0,8,8,24.7,90.8,35,0.6
2020,9,13,6,45,0,89,89,25.4,88.7,41,0.5
2020,9,13,7,45,221,210,318,26.2,85.4,118,0.3
2020,9,13,8,45,433,250,530,26.5,83.1,183,0.8
2020,9,13,9,45,420,328,654,27.4,78.9,197,1.0
2020,9,13,10,45,538,313,782,28.6,72.6,213,1.2
2020,9,13,11,45,495,348,796,29.0,70.3,225,1.5
2020,9,13,12,45,286,435,688,29.4,69.3,230,1.7
2020,9,13,13,45,39,475,508,29.9,68.6,232,1.8
2020,9,13,14,45,0,310,310,29.6,70.6,233,1.8
2020,9,13,15,45,0,161,161,28.9,74.0,234,1.7
2020,9,13,16,45,12,113,116,28.4,76.9,231,1.4
2020,9,13,17,45,18,22,24,27.9,79.4,216,0.8
2020,9,13,18,45,0,0,0,27.0,83.7,170,0.5
2020,9,13,19,45,0,0,0,26.2,89.1,129,0.6
2020,9,13,20,45,0,0,0,26.0,91.2,115,0.7
2020,9,13,21,45,0,0,0,25.6,92.3,106,0.7
2020,9,13,22,45,0,0,0,24.9,93.3,95,0.6
2020,9,13,23,45,0,0,0,24.5,93.3,90,0.6
2020,9,14,0,45,0,0,0,24.3,93.9,90,0.6
2020,9,14,1,45,0,0,0,24.3,93.6,96,0.5
2020,9,14,2,45,0,0,0,23.8,91.6,63,0.4
2020,9,14,3,45,0,0,0,23.2,91.0,29,0.5
2020,9,14,4,45,0,0,0,23.3,91.3,31,0.6
2020,9,14,5,45,0,2,2,23.8,90.2,30,0.7
2020,9,14,6,45,0,64,64,24.8,87.9,34,0.5
2020,9,14,7,45,91,231,278,25.6,85.8,136,0.3
2020,9,14,8,45,207,327,457,25.9,84.8,194,1.0
2020,9,14,9,45,30,462,485,26.2,85.1,205,1.4
2020,9,14,10,45,0,486,486,27.2,80.6,210,1.6
2020,9,14,11,45,0,464,464,28.3,75.7,211,1.5
2020,9,14,12,45,76,522,588,28.3,78.0,214,1.3
2020,9,14,13,45,2,435,437,28.2,79.7,211,1.3
2020,9,14,14,45,0,336,336,27.4,80.5,224,1.1
2020,9,14,15,45,0,206,206,26.2,84.1,232,0.8
2020,9,14,16,45,10,96,98,25.8,86.6,215,0.6
2020,9,14,17,45,0,13,13,26.0,85.1,202,0.4
2020,9,14,18,45,0,0,0,25.7,84.8,142,0.2
2020,9,14,19,45,0,0,0,25.2,87.9,81,0.3
2020,9,14,20,45,0,0,0,25.0,90.3,70,0.4
2020,9,14,21,45,0,0,0,24.5,91.9,61,0.5
2020,9,14,22,45,0,0,0,24.2,92.2,71,0.6
2020,9,14,23,45,0,0,0,24.0,90.5,86,0.7
2020,9,15,0,45,0,0,0,23.6,90.2,65,0.6
2020,9,15,1,45,0,0,0,23.6,91.0,33,0.7
2020,9,15,2,45,0,0,0,23.7,91.0,20,0.6
2020,9,15,3,45,0,0,0,23.9,89.1,15,0.6
2020,9,15,4,45,0,0,0,24.3,88.6,18,0.6
2020,9,15,5,45,0,6,6,24.3,90.5,22,0.5
2020,9,15,6,45,0,39,39,24.8,90.8,36,0.4
2020,9,15,7,45,0,91,91,25.4,90.1,110,0.3
2020,9,15,8,45,0,172,172,25.8,90.4,194,0.7
2020,9,15,9,45,8,360,366,26.6,89.3,209,1.2
2020,9,15,10,45,57,431,479,27.3,84.7,216,1.5
2020,9,15,11,45,0,180,180,27.2,82.5,218,1.7
2020,9,15,12,45,0,79,79,27.8,82.0,222,1.6
2020,9,15,13,45,0,217,217,28.4,82.1,222,1.4
2020,9,15,14,45,187,330,446,27.6,84.2,229,1.3
2020,9,15,15,45,284,205,338,26.8,85.4,252,0.6
2020,9,15,16,45,156,111,152,26.4,86.2,41,0.1
2020,9,15,17,45,8,18,19,26.5,85.7,102,0.5
2020,9,15,18,45,0,0,0,26.3,86.2,100,0.8
2020,9,15,19,45,0,0,0,25.6,88.7,90,0.8
2020,9,15,20,45,0,0,0,25.3,89.5,90,0.8
2020,9,15,21,45,0,0,0,25.0,91.1,99,0.7
2020,9,15,22,45,0,0,0,24.6,92.5,152,0.6
2020,9,15,23,45,0,0,0,24.7,91.1,135,0.4
2020,9,16,0,45,0,0,0,24.2,91.1,71,0.6
2020,9,16,1,45,0,0,0,23.8,92.4,93,0.9
2020,9,16,2,45,0,0,0,23.6,93.8,117,0.9
2020,9,16,3,45,0,0,0,23.3,94.1,89,0.7
2020,9,16,4,45,0,0,0,23.6,92.2,45,0.7
2020,9,16,5,45,0,2,2,24.0,91.3,38,0.6
2020,9,16,6,45,0,10,10,24.4,90.8,40,0.4
2020,9,16,7,45,0,76,76,25.2,89.5,142,0.2
2020,9,16,8,45,59,317,357,25.8,89.8,187,0.8
2020,9,16,9,45,79,446,507,26.7,87.5,193,1.1
2020,9,16,10,45,78,501,570,27.9,82.5,203,1.3
2020,9,16,11,45,67,530,589,28.2,80.4,211,1.5
2020,9,16,12,45,33,480,509,28.6,78.3,216,1.5
2020,9,16,13,45,0,431,431,28.9,76.7,221,1.5
2020,9,16,14,45,0,271,271,27.1,84.1,254,1.0
2020,9,16,15,45,0,145,145,25.2,90.9,312,0.8
2020,9,16,16,45,30,116,124,25.2,89.0,330,0.6
2020,9,16,17,45,0,12,12,26.0,85.6,342,0.2
2020,9,16,18,45,0,0,0,26.5,84.4,90,0.2
2020,9,16,19,45,0,0,0,25.7,89.3,104,0.4
2020,9,16,20,45,0,0,0,24.7,93.6,109,0.5
2020,9,16,21,45,0,0,0,24.2,94.7,95,0.6
2020,9,16,22,45,0,0,0,23.7,96.4,79,0.6
2020,9,16,23,45,0,0,0,23.7,96.4,59,0.6
2020,9,17,0,45,0,0,0,23.5,96.4,64,0.6
2020,9,17,1,45,0,0,0,23.4,96.7,97,0.5
2020,9,17,2,45,0,0,0,23.3,96.1,122,0.5
2020,9,17,3,45,0,0,0,23.2,95.0,116,0.5
2020,9,17,4,45,0,0,0,23.8,92.7,74,0.4
2020,9,17,5,45,0,3,3,24.1,92.2,40,0.4
2020,9,17,6,45,0,87,87,24.2,93.0,23,0.4
2020,9,17,7,45,59,243,273,24.5,93.3,311,0.3
2020,9,17,8,45,337,280,495,24.4,94.7,248,0.7
2020,9,17,9,45,205,408,566,24.8,93.1,235,1.0
2020,9,17,10,45,168,476,620,26.0,88.0,232,1.5
2020,9,17,11,45,50,543,587,26.0,88.8,229,1.9
2020,9,17,12,45,20,507,524,26.1,88.8,225,2.0
2020,9,17,13,45,0,391,391,26.4,87.7,226,1.7
2020,9,17,14,45,0,248,248,26.0,89.8,234,1.0
2020,9,17,15,45,0,134,134,25.8,89.5,300,0.5
2020,9,17,16,45,0,73,73,25.8,88.7,2,0.8
2020,9,17,17,45,0,13,13,26.4,86.7,36,0.9
2020,9,17,18,45,0,0,0,26.4,86.4,58,0.9
2020,9,17,19,45,0,0,0,25.7,91.5,60,0.8
2020,9,17,20,45,0,0,0,25.3,95.3,48,0.7
2020,9,17,21,45,0,0,0,24.8,96.8,38,0.6
2020,9,17,22,45,0,0,0,24.4,96.8,23,0.7
2020,9,17,23,45,0,0,0,24.5,95.0,23,0.8
2020,9,18,0,45,0,0,0,24.0,95.3,28,0.7
2020,9,18,1,45,0,0,0,23.5,95.3,39,0.6
2020,9,18,2,45,0,0,0,23.3,94.7,57,0.7
2020,9,18,3,45,0,0,0,23.3,94.7,80,0.5
2020,9,18,4,45,0,0,0,24.0,92.5,84,0.5
2020,9,18,5,45,0,2,2,24.5,90.5,93,0.7
2020,9,18,6,45,0,82,82,24.2,91.6,122,0.9
2020,9,18,7,45,0,192,192,23.9,93.3,133,1.2
2020,9,18,8,45,0,271,271,23.8,93.9,141,1.4
2020,9,18,9,45,0,372,372,24.4,90.8,156,1.4
2020,9,18,10,45,0,445,445,25.6,85.3,185,1.2
2020,9,18,11,45,0,444,444,26.0,83.3,218,1.2
2020,9,18,12,45,0,450,450,26.6,81.9,236,1.3
2020,9,18,13,45,0,316,316,27.3,81.2,244,1.4
2020,9,18,14,45,3,316,318,27.1,85.0,240,1.2
2020,9,18,15,45,31,229,245,26.6,88.8,220,0.9
2020,9,18,16,45,0,83,83,26.4,89.9,194,0.5
2020,9,18,17,45,0,13,13,26.6,88.5,133,0.5
2020,9,18,18,45,0,0,0,26.2,90.4,118,0.9
2020,9,18,19,45,0,0,0,25.4,94.2,109,1.1
2020,9,18,20,45,0,0,0,25.3,94.8,112,1.2
2020,9,18,21,45,0,0,0,24.7,94.7,119,1.3
2020,9,18,22,45,0,0,0,24.1,95.6,114,1.3
2020,9,18,23,45,0,0,0,24.2,95.0,110,1.2
2020,9,19,0,45,0,0,0,24.0,94.1,108,1.1
2020,9,19,1,45,0,0,0,23.8,93.6,114,1.1
2020,9,19,2,45,0,0,0,23.6,93.8,126,1.1
2020,9,19,3,45,0,0,0,23.1,95.6,130,1.2
2020,9,19,4,45,0,0,0,23.3,95.3,118,1.0
2020,9,19,5,45,0,3,3,23.7,94.4,86,0.9
2020,9,19,6,45,0,71,71,24.2,93.3,65,0.7
2020,9,19,7,45,6,245,247,25.3,89.5,85,0.5
2020,9,19,8,45,0,263,263,25.9,85.6,144,0.8
2020,9,19,9,45,18,440,454,26.5,81.2,157,1.4
2020,9,19,10,45,149,484,612,27.4,76.0,161,1.5
2020,9,19,11,45,144,508,636,27.7,74.5,174,1.3
2020,9,19,12,45,57,522,570,28.3,74.3,197,1.2
2020,9,19,13,45,96,450,524,28.9,73.1,214,1.1
2020,9,19,14,45,16,329,340,28.3,75.7,198,0.5
2020,9,19,15,45,0,220,220,27.5,80.3,151,0.7
2020,9,19,16,45,0,115,115,27.5,81.3,161,1.1
2020,9,19,17,45,0,13,13,27.4,82.0,167,0.9
2020,9,19,18,45,0,0,0,26.9,83.2,125,0.4
2020,9,19,19,45,0,0,0,26.0,86.1,31,0.6
2020,9,19,20,45,0,0,0,25.0,89.5,15,1.0
2020,9,19,21,45,0,0,0,24.2,91.4,6,1.0
2020,9,19,22,45,0,0,0,24.0,92.2,357,1.0
2020,9,19,23,45,0,0,0,24.2,91.1,357,1.2
2020,9,20,0,45,0,0,0,23.7,91.3,0,1.2
2020,9,20,1,45,0,0,0,23.3,91.0,3,1.1
2020,9,20,2,45,0,0,0,23.0,90.4,8,1.1
2020,9,20,3,45,0,0,0,22.9,90.4,13,1.1
2020,9,20,4,45,0,0,0,23.5,88.0,15,1.0
2020,9,20,5,45,0,11,11,24.0,86.2,16,0.9
2020,9,20,6,45,144,96,138,24.9,86.0,11,0.8
2020,9,20,7,45,575,122,381,26.2,81.4,333,0.7
2020,9,20,8,45,717,139,589,27.0,76.2,283,0.7
2020,9,20,9,45,791,147,752,28.3,70.0,254,1.0
2020,9,20,10,45,833,146,857,30.0,62.9,245,1.4
2020,9,20,11,45,882,121,900,30.3,61.0,243,1.6
2020,9,20,12,45,876,118,866,30.9,61.0,243,1.7
2020,9,20,13,45,841,117,763,31.8,61.0,248,1.7
2020,9,20,14,45,678,149,577,30.4,68.4,278,1.4
2020,9,20,15,45,669,96,399,29.2,75.6,297,0.8
2020,9,20,16,45,455,65,180,29.2,76.1,240,0.5
2020,9,20,17,45,36,13,17,29.4,74.8,221,0.5
2020,9,20,18,45,0,0,0,29.0,75.2,290,0.1
2020,9,20,19,45,0,0,0,27.4,83.3,37,0.3
2020,9,20,20,45,0,0,0,26.4,89.9,38,0.5
2020,9,20,21,45,0,0,0,25.6,91.4,28,0.7
2020,9,20,22,45,0,0,0,25.2,92.5,24,0.9
2020,9,20,23,45,0,0,0,25.2,92.5,24,1.1
2020,9,21,0,45,0,0,0,24.7,93.1,24,1.4
2020,9,21,1,45,0,0,0,24.2,93.3,23,1.5
2020,9,21,2,45,0,0,0,23.7,91.6,22,1.5
2020,9,21,3,45,0,0,0,23.1,90.2,19,1.4
2020,9,21,4,45,0,0,0,23.2,87.7,16,1.3
2020,9,21,5,45,7,13,14,23.6,85.6,18,1.2
2020,9,21,6,45,333,80,164,25.0,85.0,20,1.2
2020,9,21,7,45,625,106,388,27.0,79.5,18,0.8
2020,9,21,8,45,769,115,597,27.7,74.5,285,0.3
2020,9,21,9,45,841,117,759,28.8,68.9,216,0.7
2020,9,21,10,45,879,116,863,30.7,61.1,214,1.1
2020,9,21,11,45,873,122,891,31.6,58.6,214,1.5
2020,9,21,12,45,570,270,757,31.1,61.0,221,1.6
2020,9,21,13,45,98,408,486,30.8,62.6,225,1.3
2020,9,21,14,45,42,328,352,30.3,65.7,234,1.1
2020,9,21,15,45,63,241,269,29.6,68.8,245,1.2
2020,9,21,16,45,49,116,128,29.8,68.8,222,1.0
2020,9,21,17,45,9,13,14,29.4,69.3,165,0.8
2020,9,21,18,45,0,0,0,28.1,72.6,124,1.1
2020,9,21,19,45,0,0,0,25.9,80.6,109,1.2
2020,9,21,20,45,0,0,0,24.8,85.2,92,1.1
2020,9,21,21,45,0,0,0,24.1,86.7,84,0.9
2020,9,21,22,45,0,0,0,23.5,87.7,68,0.8
2020,9,21,23,45,0,0,0,23.3,87.5,42,0.8
2020,9,22,0,45,0,0,0,22.8,89.6,18,0.6
2020,9,22,1,45,0,0,0,22.5,90.1,359,0.5
2020,9,22,2,45,0,0,0,22.3,91.0,359,0.7
2020,9,22,3,45,0,0,0,21.9,94.1,9,1.0
2020,9,22,4,45,0,0,0,22.3,93.5,17,0.9
2020,9,22,5,45,0,11,11,22.8,91.8,27,0.7
2020,9,22,6,45,309,77,159,23.9,89.7,34,0.5
2020,9,22,7,45,613,109,383,25.2,86.1,12,0.5
2020,9,22,8,45,736,128,586,25.9,83.1,329,0.6
2020,9,22,9,45,808,133,748,27.4,77.9,284,0.7
2020,9,22,10,45,858,126,853,29.4,71.1,245,1.0
2020,9,22,11,45,722,200,833,30.2,67.6,229,1.5
2020,9,22,12,45,630,238,772,30.1,68.6,226,1.7
2020,9,22,13,45,281,349,567,29.8,70.9,227,1.8
2020,9,22,14,45,9,349,355,29.1,73.2,230,1.6
2020,9,22,15,45,5,238,241,28.7,75.3,238,1.4
2020,9,22,16,45,32,112,118,28.6,77.1,234,1.2
2020,9,22,17,45,12,13,14,28.2,78.9,216,1.1
2020,9,22,18,45,0,0,0,26.7,83.2,203,0.9
2020,9,22,19,45,0,0,0,24.8,88.9,166,0.5
2020,9,22,20,45,0,0,0,24.0,91.6,90,0.3
2020,9,22,21,45,0,0,0,23.8,93.0,57,0.4
2020,9,22,22,45,0,0,0,23.8,94.1,50,0.2
2020,9,22,23,45,0,0,0,23.9,94.4,332,0.3
2020,9,23,0,45,0,0,0,23.4,95.3,326,0.5
2020,9,23,1,45,0,0,0,23.2,95.3,331,0.6
2020,9,23,2,45,0,0,0,22.6,96.4,331,0.6
2020,9,23,3,45,0,0,0,22.1,97.3,337,0.5
2020,9,23,4,45,0,0,0,22.6,95.0,332,0.5
2020,9,23,5,45,0,3,3,22.9,93.0,320,0.8
2020,9,23,6,45,0,54,54,23.2,91.9,315,0.8
2020,9,23,7,45,0,85,85,23.7,91.9,290,0.8
2020,9,23,8,45,0,193,193,23.7,93.9,250,0.8
2020,9,23,9,45,0,262,262,24.1,93.3,237,0.8
2020,9,23,10,45,7,412,418,24.2,93.3,237,1.1
2020,9,23,11,45,1,441,442,23.8,95.9,220,1.3
2020,9,23,12,45,41,470,504,24.3,94.5,210,1.2
2020,9,23,13,45,0,322,322,24.9,90.0,216,1.1
2020,9,23,14,45,0,244,244,25.1,91.4,228,0.9
2020,9,23,15,45,0,139,139,25.0,95.0,216,0.8
2020,9,23,16,45,0,39,39,25.2,94.8,189,0.9
2020,9,23,17,45,0,5,5,25.2,93.6,177,0.9
2020,9,23,18,45,0,0,0,24.9,92.5,166,0.7
2020,9,23,19,45,0,0,0,24.3,93.9,90,0.3
2020,9,23,20,45,0,0,0,24.2,95.3,360,0.2
2020,9,23,21,45,0,0,0,23.5,97.3,242,0.2
2020,9,23,22,45,0,0,0,22.7,98.8,298,0.3
2020,9,23,23,45,0,0,0,22.6,98.2,344,0.6
2020,9,24,0,45,0,0,0,22.1,98.5,360,0.9
2020,9,24,1,45,0,0,0,21.7,98.2,5,1.1
2020,9,24,2,45,0,0,0,21.7,96.1,8,1.1
2020,9,24,3,45,0,0,0,21.7,94.6,23,0.8
2020,9,24,4,45,0,0,0,22.0,93.5,24,0.8
2020,9,24,5,45,0,2,2,22.2,92.6,6,0.9
2020,9,24,6,45,0,29,29,22.3,93.5,353,0.9
2020,9,24,7,45,0,59,59,22.5,95.0,349,0.8
2020,9,24,8,45,0,84,84,22.2,97.3,342,0.7
2020,9,24,9,45,0,140,140,22.3,97.9,322,0.6
2020,9,24,10,45,0,165,165,22.8,96.4,298,0.6
2020,9,24,11,45,0,186,186,22.8,96.7,269,0.5
2020,9,24,12,45,0,201,201,22.5,97.6,248,0.3
2020,9,24,13,45,0,174,174,22.6,96.7,273,0.5
2020,9,24,14,45,0,225,225,23.4,91.9,274,1.1
2020,9,24,15,45,0,211,211,24.3,87.6,266,1.6
2020,9,24,16,45,30,109,114,24.1,89.2,263,1.6
2020,9,24,17,45,0,8,8,23.5,92.4,256,1.4
2020,9,24,18,45,0,0,0,23.0,94.4,257,1.3
2020,9,24,19,45,0,0,0,22.6,95.8,275,1.0
2020,9,24,20,45,0,0,0,22.1,96.7,317,0.5
2020,9,24,21,45,0,0,0,21.5,97.9,36,0.4
2020,9,24,22,45,0,0,0,21.2,98.8,73,0.5
2020,9,24,23,45,0,0,0,21.3,98.8,58,0.5
2020,9,25,0,45,0,0,0,21.0,99.1,32,0.5
2020,9,25,1,45,0,0,0,20.8,99.4,19,0.6
2020,9,25,2,45,0,0,0,20.8,99.7,7,0.9
2020,9,25,3,45,0,0,0,20.9,100.0,355,1.1
2020,9,25,4,45,0,0,0,21.2,99.1,340,1.2
2020,9,25,5,45,0,11,11,21.6,97.9,329,1.3
2020,9,25,6,45,41,105,118,22.0,96.4,321,1.6
2020,9,25,7,45,425,158,350,22.9,94.4,308,1.7
2020,9,25,8,45,687,154,579,23.6,91.6,284,1.8
2020,9,25,9,45,632,227,700,24.5,85.8,260,2.0
2020,9,25,10,45,633,257,787,25.7,80.3,250,2.3
2020,9,25,11,45,367,393,711,25.6,81.3,249,2.6
2020,9,25,12,45,586,277,765,25.5,84.3,250,2.7
2020,9,25,13,45,300,354,583,25.7,86.9,253,2.6
2020,9,25,14,45,72,347,391,25.4,87.7,257,2.0
2020,9,25,15,45,1,208,208,25.5,87.7,256,1.2
2020,9,25,16,45,1,102,102,25.5,90.1,248,0.8
2020,9,25,17,45,3,9,9,25.8,89.8,216,0.4
2020,9,25,18,45,0,0,0,25.4,91.2,144,0.3
2020,9,25,19,45,0,0,0,24.3,95.9,119,0.5
2020,9,25,20,45,0,0,0,23.8,97.6,118,0.7
2020,9,25,21,45,0,0,0,23.2,97.9,103,0.9
2020,9,25,22,45,0,0,0,22.7,98.8,83,0.9
2020,9,25,23,45,0,0,0,23.0,98.5,67,0.8
2020,9,26,0,45,0,0,0,22.7,98.8,54,0.7
2020,9,26,1,45,0,0,0,22.2,98.8,48,0.6
2020,9,26,2,45,0,0,0,22.3,97.3,33,0.7
2020,9,26,3,45,0,0,0,23.0,94.1,11,0.8
2020,9,26,4,45,0,0,0,24.2,90.3,357,1.0
2020,9,26,5,45,0,8,8,24.4,89.7,3,1.0
2020,9,26,6,45,0,85,85,24.1,91.3,13,0.7
2020,9,26,7,45,203,210,306,23.9,91.9,234,0.3
2020,9,26,8,45,537,213,543,23.2,92.4,198,0.9
2020,9,26,9,45,537,272,672,23.7,89.4,205,1.4
2020,9,26,10,45,325,398,667,24.8,85.0,214,1.7
2020,9,26,11,45,201,463,637,25.0,85.0,222,1.8
2020,9,26,12,45,287,408,647,25.6,85.1,227,1.9
2020,9,26,13,45,99,423,498,26.2,85.1,236,1.9
2020,9,26,14,45,3,332,334,26.2,85.4,260,1.6
2020,9,26,15,45,0,208,208,26.0,84.6,286,1.1
2020,9,26,16,45,6,98,99,26.2,85.4,284,0.6
2020,9,26,17,45,27,8,11,26.8,84.4,297,0.5
2020,9,26,18,45,0,0,0,26.1,87.2,336,0.8
2020,9,26,19,45,0,0,0,24.0,94.7,357,0.9
2020,9,26,20,45,0,0,0,23.0,96.7,6,0.9
2020,9,26,21,45,0,0,0,23.0,95.6,19,0.9
2020,9,26,22,45,0,0,0,22.8,95.3,33,0.8
2020,9,26,23,45,0,0,0,22.7,95.5,48,0.7
2020,9,27,0,45,0,0,0,22.1,95.5,51,0.7
2020,9,27,1,45,0,0,0,21.8,95.5,43,0.8
2020,9,27,2,45,0,0,0,21.4,97.0,36,1.1
2020,9,27,3,45,0,0,0,21.0,97.0,36,1.3
2020,9,27,4,45,0,0,0,21.5,95.2,37,1.3
2020,9,27,5,45,0,7,7,22.0,94.3,33,1.3
2020,9,27,6,45,0,66,66,22.6,92.1,26,1.2
2020,9,27,7,45,0,193,193,23.7,88.0,15,0.7
2020,9,27,8,45,112,333,405,24.4,83.1,269,0.2
2020,9,27,9,45,413,319,628,25.5,76.2,222,0.7
2020,9,27,10,45,712,217,810,27.3,70.0,227,1.2
2020,9,27,11,45,776,196,863,27.9,67.6,227,1.6
2020,9,27,12,45,759,195,824,28.2,66.4,229,1.9
2020,9,27,13,45,530,263,660,28.4,67.9,239,1.9
2020,9,27,14,45,45,351,379,27.6,73.8,254,1.6
2020,9,27,15,45,9,236,240,26.6,80.4,260,1.4
2020,9,27,16,45,13,104,107,26.6,83.1,266,1.3
2020,9,27,17,45,8,8,8,26.4,83.1,292,1.1
2020,9,27,18,45,0,0,0,25.8,86.1,323,1.0
2020,9,27,19,45,0,0,0,24.7,90.3,351,0.9
2020,9,27,20,45,0,0,0,23.9,91.3,14,0.8
2020,9,27,21,45,0,0,0,23.0,92.1,25,0.7
2020,9,27,22,45,0,0,0,22.1,92.9,24,0.6
2020,9,27,23,45,0,0,0,22.0,92.1,23,0.7
2020,9,28,0,45,0,0,0,21.5,92.0,27,0.8
2020,9,28,1,45,0,0,0,20.4,93.1,34,0.9
2020,9,28,2,45,0,0,0,20.0,92.5,30,1.0
2020,9,28,3,45,0,0,0,20.2,91.4,23,1.0
2020,9,28,4,45,0,0,0,20.6,89.4,22,1.1
2020,9,28,5,45,0,9,9,21.1,87.0,24,1.0
2020,9,28,6,45,3,94,95,22.1,87.1,25,0.8
2020,9,28,7,45,362,173,338,23.2,85.9,5,0.3
2020,9,28,8,45,674,165,577,23.5,82.5,225,0.4
2020,9,28,9,45,701,204,725,24.7,74.8,225,0.8
2020,9,28,10,45,796,184,845,26.6,66.7,222,1.1
2020,9,28,11,45,744,218,856,27.4,64.6,216,1.4
2020,9,28,12,45,354,391,684,27.9,62.4,216,1.5
2020,9,28,13,45,58,432,476,28.5,61.6,223,1.7
2020,9,28,14,45,0,327,327,27.8,68.3,234,1.8
2020,9,28,15,45,0,214,214,26.8,75.7,242,1.7
2020,9,28,16,45,0,84,84,26.8,78.0,233,1.4
2020,9,28,17,45,12,7,8,27.2,77.4,220,1.2
2020,9,28,18,45,0,0,0,26.2,81.9,215,0.7
2020,9,28,19,45,0,0,0,24.2,90.3,276,0.1
2020,9,28,20,45,0,0,0,23.5,92.4,29,0.4
2020,9,28,21,45,0,0,0,22.7,93.2,35,0.6
2020,9,28,22,45,0,0,0,21.8,94.6,39,0.6
2020,9,28,23,45,0,0,0,21.5,94.6,36,0.7
2020,9,29,0,45,0,0,0,20.8,95.5,28,0.7
2020,9,29,1,45,0,0,0,20.4,96.1,23,0.8
2020,9,29,2,45,0,0,0,20.3,96.4,26,0.9
2020,9,29,3,45,0,0,0,20.5,97.0,25,1.1
2020,9,29,4,45,0,0,0,21.2,94.6,20,1.2
2020,9,29,5,45,0,9,9,21.7,91.8,19,1.4
2020,9,29,6,45,14,101,105,22.2,90.4,18,1.4
2020,9,29,7,45,445,153,353,23.4,86.7,10,1.0
2020,9,29,8,45,760,131,592,24.2,81.1,310,0.5
2020,9,29,9,45,829,140,755,25.4,73.3,236,0.8
2020,9,29,10,45,862,144,856,27.2,65.8,225,1.3
2020,9,29,11,45,856,154,885,27.8,64.1,223,1.6
2020,9,29,12,45,775,186,823,28.1,63.6,225,1.8
2020,9,29,13,45,194,393,538,28.5,63.5,231,1.9
2020,9,29,14,45,6,345,349,27.6,68.2,238,1.9
2020,9,29,15,45,0,222,222,26.6,73.4,237,1.7
2020,9,29,16,45,7,96,97,26.4,78.5,232,1.4
2020,9,29,17,45,11,6,7,26.2,81.1,240,0.9
2020,9,29,18,45,0,0,0,24.8,86.1,259,0.5
2020,9,29,19,45,0,0,0,23.4,91.9,321,0.2
2020,9,29,20,45,0,0,0,23.5,91.3,39,0.4
2020,9,29,21,45,0,0,0,22.9,92.7,36,0.7
2020,9,29,22,45,0,0,0,22.2,93.8,32,0.8
2020,9,29,23,45,0,0,0,22.1,93.2,30,0.7
2020,9,30,0,45,0,0,0,21.7,94.6,23,0.7
2020,9,30,1,45,0,0,0,21.0,97.0,20,0.7
2020,9,30,2,45,0,0,0,20.2,98.8,21,0.9
2020,9,30,3,45,0,0,0,19.8,100.0,20,1.0
2020,9,30,4,45,0,0,0,20.6,96.7,23,1.3
2020,9,30,5,45,2,10,10,21.3,92.9,25,1.5
2020,9,30,6,45,91,99,125,22.0,90.7,25,1.5
2020,9,30,7,45,642,106,383,23.4,85.9,25,0.9
2020,9,30,8,45,780,121,592,24.1,80.1,135,0.3
2020,9,30,9,45,828,136,748,25.3,73.0,195,0.9
2020,9,30,10,45,860,142,849,27.2,65.6,199,1.4
2020,9,30,11,45,717,224,833,27.8,63.1,201,1.7
2020,9,30,12,45,682,231,789,28.0,63.0,207,1.7
2020,9,30,13,45,284,360,569,28.5,63.7,213,1.7
2020,9,30,14,45,16,341,351,27.8,69.3,217,1.7
2020,9,30,15,45,0,206,206,27.0,73.9,218,1.5
2020,9,30,16,45,0,90,90,27.0,76.0,224,1.3
2020,9,30,17,45,5,6,6,27.4,76.5,236,1.2
2020,9,30,18,45,0,0,0,26.3,79.0,252,0.7
2020,9,30,19,45,0,0,0,24.2,87.9,90,0.2
2020,9,30,20,45,0,0,0,23.2,93.8,78,0.7
2020,9,30,21,45,0,0,0,22.2,95.8,55,0.9
2020,9,30,22,45,0,0,0,21.7,96.4,34,0.8
2020,9,30,23,45,0,0,0,21.6,96.1,29,0.6
2020,10,1,0,45,0,0,0,21.4,96.4,29,0.5
2020,10,1,1,45,0,0,0,21.1,96.1,22,0.5
2020,10,1,2,45,0,0,0,20.9,97.3,22,0.8
2020,10,1,3,45,0,0,0,20.8,99.1,23,1.0
2020,10,1,4,45,0,0,0,21.7,96.4,23,1.1
2020,10,1,5,45,0,9,9,22.5,93.2,24,1.3
2020,10,1,6,45,60,98,115,23.0,91.3,24,1.3
2020,10,1,7,45,461,146,349,23.6,88.8,22,0.9
2020,10,1,8,45,768,123,585,24.0,84.4,321,0.3
2020,10,1,9,45,826,135,743,25.4,75.1,220,0.8
2020,10,1,10,45,865,137,845,27.2,66.9,216,1.3
2020,10,1,11,45,813,170,858,27.6,64.9,212,1.5
2020,10,1,12,45,411,351,686,27.8,65.1,213,1.7
2020,10,1,13,45,278,358,560,28.2,65.4,219,1.7
2020,10,1,14,45,270,285,435,27.6,71.4,222,1.6
2020,10,1,15,45,455,141,324,26.6,79.0,215,1.2
2020,10,1,16,45,184,78,117,26.6,79.7,210,0.9
2020,10,1,17,45,5,5,6,27.2,77.2,200,0.5
2020,10,1,18,45,0,0,0,26.5,79.7,111,0.2
2020,10,1,19,45,0,0,0,24.4,88.4,25,0.5
2020,10,1,20,45,0,0,0,23.0,93.8,13,0.7
2020,10,1,21,45,0,0,0,22.2,95.5,9,0.7
2020,10,1,22,45,0,0,0,21.6,96.4,9,0.6
2020,10,1,23,45,0,0,0,21.3,95.5,14,0.6
2020,10,2,0,45,0,0,0,20.8,95.8,21,0.7
2020,10,2,1,45,0,0,0,20.2,96.7,25,0.8
2020,10,2,2,45,0,0,0,20.1,97.6,29,0.9
2020,10,2,3,45,0,0,0,20.4,98.8,30,1.1
2020,10,2,4,45,0,0,0,21.4,96.4,27,1.3
2020,10,2,5,45,0,9,9,22.2,92.6,24,1.5
2020,10,2,6,45,17,99,104,22.7,90.4,22,1.3
2020,10,2,7,45,347,174,327,23.6,89.1,20,0.7
2020,10,2,8,45,670,160,562,23.9,88.3,261,0.3
2020,10,2,9,45,738,178,718,25.1,80.1,214,0.9
2020,10,2,10,45,848,147,840,27.1,69.2,210,1.3
2020,10,2,11,45,713,220,821,27.8,65.3,208,1.6
2020,10,2,12,45,361,371,665,28.1,65.4,211,1.7
2020,10,2,13,45,19,400,415,28.3,66.9,216,1.9
2020,10,2,14,45,0,243,243,27.6,74.1,217,1.6
2020,10,2,15,45,0,190,190,26.4,82.4,212,1.1
2020,10,2,16,45,0,91,91,26.2,83.1,205,0.8
2020,10,2,17,45,0,4,4,26.6,80.4,220,0.6
2020,10,2,18,45,0,0,0,26.0,82.6,255,0.4
2020,10,2,19,45,0,0,0,24.4,90.0,306,0.3
2020,10,2,20,45,0,0,0,23.3,93.5,353,0.6
2020,10,2,21,45,0,0,0,22.6,95.0,15,0.8
2020,10,2,22,45,0,0,0,21.9,97.0,22,0.8
2020,10,2,23,45,0,0,0,21.9,96.7,23,0.8
2020,10,3,0,45,0,0,0,21.6,97.6,22,0.8
2020,10,3,1,45,0,0,0,21.2,98.8,21,0.9
2020,10,3,2,45,0,0,0,20.7,98.8,14,0.8
2020,10,3,3,45,0,0,0,19.9,99.1,11,0.8
2020,10,3,4,45,0,0,0,20.2,95.8,18,0.9
2020,10,3,5,45,0,8,8,21.0,91.4,23,1.3
2020,10,3,6,45,56,97,113,22.2,89.3,27,1.3
2020,10,3,7,45,231,204,301,23.8,85.1,35,0.9
2020,10,3,8,45,283,294,462,24.2,82.4,121,0.3
2020,10,3,9,45,310,360,587,25.4,76.3,214,0.8
2020,10,3,10,45,290,414,650,27.4,67.3,220,1.3
2020,10,3,11,45,280,431,666,27.8,64.9,220,1.8
2020,10,3,12,45,230,431,617,27.9,65.3,222,1.9
2020,10,3,13,45,164,399,517,28.3,66.2,226,1.9
2020,10,3,14,45,27,343,359,27.8,71.2,231,1.7
2020,10,3,15,45,58,216,236,27.2,76.7,233,1.5
2020,10,3,16,45,139,82,106,27.2,78.8,231,1.4
2020,10,3,17,45,6,4,4,27.3,80.3,227,1.1
2020,10,3,18,45,0,0,0,26.6,84.4,241,0.7
2020,10,3,19,45,0,0,0,24.8,91.4,328,0.4
2020,10,3,20,45,0,0,0,23.7,95.0,15,0.6
2020,10,3,21,45,0,0,0,22.8,95.8,27,0.6
2020,10,3,22,45,0,0,0,22.0,96.4,29,0.5
2020,10,3,23,45,0,0,0,22.1,95.5,32,0.5
2020,10,4,0,45,0,0,0,21.4,96.4,38,0.6
2020,10,4,1,45,0,0,0,20.8,97.3,39,0.7
2020,10,4,2,45,0,0,0,20.8,97.3,35,0.8
2020,10,4,3,45,0,0,0,20.7,97.6,27,0.9
2020,10,4,4,45,0,0,0,21.6,94.4,19,1.1
2020,10,4,5,45,3,8,8,22.0,90.9,14,1.3
2020,10,4,6,45,28,97,105,23.0,89.9,11,1.3
2020,10,4,7,45,462,147,346,24.2,88.1,359,0.9
2020,10,4,8,45,744,136,578,24.4,85.5,307,0.6
2020,10,4,9,45,828,141,743,25.5,77.2,263,1.1
2020,10,4,10,45,872,140,846,27.2,67.5,250,1.7
2020,10,4,11,45,885,138,877,27.6,65.1,243,2.1
2020,10,4,12,45,863,141,832,27.9,64.6,240,2.3
2020,10,4,13,45,408,305,600,28.4,63.5,240,2.3
2020,10,4,14,45,208,298,416,27.9,67.2,242,2.2
2020,10,4,15,45,85,210,247,27.2,73.1,238,2.0
2020,10,4,16,45,20,89,92,27.0,77.6,231,1.6
2020,10,4,17,45,4,3,4,27.1,79.0,230,1.2
2020,10,4,18,45,0,0,0,26.6,81.4,230,0.7
2020,10,4,19,45,0,0,0,24.8,88.4,205,0.2
2020,10,4,20,45,0,0,0,23.2,92.7,94,0.3
2020,10,4,21,45,0,0,0,22.7,93.8,54,0.7
2020,10,4,22,45,0,0,0,22.2,94.9,37,0.8
2020,10,4,23,45,0,0,0,21.9,95.2,30,0.8
2020,10,5,0,45,0,0,0,21.3,96.7,30,0.8
2020,10,5,1,45,0,0,0,20.6,98.2,28,0.9
2020,10,5,2,45,0,0,0,20.0,98.5,27,0.9
2020,10,5,3,45,0,0,0,19.6,98.8,21,1.0
2020,10,5,4,45,0,0,0,20.3,95.2,17,1.2
2020,10,5,5,45,3,8,8,21.0,91.7,15,1.5
2020,10,5,6,45,97,94,121,22.0,90.1,14,1.6
2020,10,5,7,45,581,122,367,23.3,87.5,0,1.1
2020,10,5,8,45,764,131,583,23.5,84.3,290,0.7
2020,10,5,9,45,832,142,744,25.0,74.4,243,1.3
2020,10,5,10,45,866,146,844,27.6,64.7,231,1.7
2020,10,5,11,45,919,118,883,28.2,61.7,229,1.9
2020,10,5,12,45,910,115,841,28.9,58.9,229,2.0
2020,10,5,13,45,870,114,728,29.3,58.6,230,2.0
2020,10,5,14,45,494,204,489,28.1,64.8,229,2.0
2020,10,5,15,45,216,186,270,27.2,70.6,225,1.8
2020,10,5,16,45,244,69,112,27.2,74.6,225,1.5
2020,10,5,17,45,7,3,4,27.6,75.4,235,1.1
2020,10,5,18,45,0,0,0,26.4,78.3,229,0.6
2020,10,5,19,45,0,0,0,23.8,87.8,159,0.3
2020,10,5,20,45,0,0,0,22.8,91.5,63,0.4
2020,10,5,21,45,0,0,0,22.4,92.9,36,0.7
2020,10,5,22,45,0,0,0,21.8,95.5,42,0.7
2020,10,5,23,45,0,0,0,21.5,96.7,36,0.7
2020,10,6,0,45,0,0,0,21.0,98.2,30,0.7
2020,10,6,1,45,0,0,0,20.7,98.8,20,0.7
2020,10,6,2,45,0,0,0,20.8,96.7,15,0.9
2020,10,6,3,45,0,0,0,21.1,93.7,14,1.0
2020,10,6,4,45,0,0,0,21.7,89.5,13,1.1
2020,10,6,5,45,9,8,9,22.0,86.8,19,1.2
2020,10,6,6,45,158,88,129,22.7,87.1,21,1.2
2020,10,6,7,45,667,99,376,23.6,85.4,8,0.8
2020,10,6,8,45,798,115,584,23.3,82.7,264,0.4
2020,10,6,9,45,852,128,742,24.7,75.0,217,1.0
2020,10,6,10,45,881,133,840,27.1,65.0,210,1.5
2020,10,6,11,45,897,129,871,27.6,61.6,207,1.9
2020,10,6,12,45,880,129,827,28.0,60.5,206,2.1
2020,10,6,13,45,837,127,714,28.7,60.9,209,2.0
2020,10,6,14,45,750,122,543,27.6,68.0,214,1.7
2020,10,6,15,45,606,100,331,26.5,74.3,218,1.4
2020,10,6,16,45,313,55,115,26.6,75.9,225,1.2
2020,10,6,17,45,3,2,3,26.8,76.2,236,1.1
2020,10,6,18,45,0,0,0,25.5,78.6,223,0.6
2020,10,6,19,45,0,0,0,23.3,87.0,163,0.2
2020,10,6,20,45,0,0,0,22.2,92.1,50,0.3
2020,10,6,21,45,0,0,0,21.7,93.8,35,0.6
2020,10,6,22,45,0,0,0,21.6,95.2,39,0.6
2020,10,6,23,45,0,0,0,21.8,95.2,32,0.8
2020,10,7,0,45,0,0,0,21.0,96.4,27,0.8
2020,10,7,1,45,0,0,0,20.3,97.6,23,0.8
2020,10,7,2,45,0,0,0,20.0,95.5,22,0.8
2020,10,7,3,45,0,0,0,19.7,93.7,18,0.8
2020,10,7,4,45,0,0,0,20.4,91.4,20,0.7
2020,10,7,5,45,4,7,8,21.0,89.5,24,0.9
2020,10,7,6,45,113,91,120,22.1,87.4,29,0.9
2020,10,7,7,45,566,119,355,23.6,84.3,93,0.4
2020,10,7,8,45,754,127,569,23.4,84.3,193,0.8
2020,10,7,9,45,822,138,728,24.5,79.0,209,1.2
2020,10,7,10,45,854,143,826,26.5,71.4,218,1.5
2020,10,7,11,45,866,142,856,27.0,69.7,220,1.7
2020,10,7,12,45,848,142,812,27.4,68.8,219,1.8
2020,10,7,13,45,803,139,700,27.8,68.2,219,1.7
2020,10,7,14,45,747,119,534,26.8,74.2,218,1.5
2020,10,7,15,45,621,93,327,26.1,78.9,227,1.2
2020,10,7,16,45,326,51,112,26.3,79.2,251,1.1
2020,10,7,17,45,3,2,2,26.3,79.9,252,1.0
2020,10,7,18,45,0,0,0,25.3,81.7,243,0.6
2020,10,7,19,45,0,0,0,23.3,89.7,18,0.3
2020,10,7,20,45,0,0,0,22.6,94.7,42,0.7
2020,10,7,21,45,0,0,0,22.2,95.2,39,0.6
2020,10,7,22,45,0,0,0,21.4,97.0,31,0.6
2020,10,7,23,45,0,0,0,21.2,97.0,20,0.6
2020,10,8,0,45,0,0,0,20.1,97.9,17,0.5
2020,10,8,1,45,0,0,0,19.6,98.2,7,0.4
2020,10,8,2,45,0,0,0,20.0,96.6,0,0.5
2020,10,8,3,45,0,0,0,20.2,95.8,8,0.7
2020,10,8,4,45,0,0,0,20.7,92.6,20,0.7
2020,10,8,5,45,0,5,5,21.3,88.9,25,0.8
2020,10,8,6,45,31,85,94,22.3,87.9,31,0.9
2020,10,8,7,45,499,134,343,24.4,81.9,51,0.6
2020,10,8,8,45,757,128,568,25.2,76.8,142,0.4
2020,10,8,9,45,777,160,714,25.8,72.8,201,0.9
2020,10,8,10,45,768,187,798,27.2,67.7,212,1.4
2020,10,8,11,45,884,133,858,27.6,66.9,214,1.7
2020,10,8,12,45,884,124,818,27.7,66.9,216,1.9
2020,10,8,13,45,831,125,703,27.8,67.2,223,1.8
2020,10,8,14,45,735,125,528,27.0,71.5,234,1.7
2020,10,8,15,45,611,97,323,26.5,76.8,244,1.5
2020,10,8,16,45,353,49,113,26.3,79.6,245,1.3
2020,10,8,17,45,3,2,2,26.6,79.2,249,1.2
2020,10,8,18,45,0,0,0,26.4,79.2,262,1.0
2020,10,8,19,45,0,0,0,24.3,86.0,244,0.5
2020,10,8,20,45,0,0,0,22.6,92.4,145,0.2
2020,10,8,21,45,0,0,0,21.8,95.2,58,0.4
2020,10,8,22,45,0,0,0,21.6,96.1,35,0.6
2020,10,8,23,45,0,0,0,22.0,94.9,38,0.6
2020,10,9,0,45,0,0,0,21.4,96.4,45,0.6
2020,10,9,1,45,0,0,0,20.6,97.9,45,0.7
2020,10,9,2,45,0,0,0,19.8,97.5,60,0.8
2020,10,9,3,45,0,0,0,19.1,97.8,63,0.9
2020,10,9,4,45,0,0,0,19.6,96.3,43,0.9
2020,10,9,5,45,4,7,7,20.2,95.2,26,1.1
2020,10,9,6,45,155,84,124,20.5,91.7,21,1.1
2020,10,9,7,45,629,108,364,22.9,81.8,15,0.7
2020,10,9,8,45,756,132,570,25.0,74.0,253,0.3
2020,10,9,9,45,822,146,730,26.1,67.5,215,1.0
2020,10,9,10,45,859,149,829,27.7,62.0,221,1.5
2020,10,9,11,45,904,128,865,28.1,61.1,226,1.9
2020,10,9,12,45,893,125,822,28.4,60.0,231,2.1
2020,10,9,13,45,861,118,711,28.7,58.1,237,2.1
2020,10,9,14,45,814,99,545,27.5,61.4,243,2.0
2020,10,9,15,45,689,81,334,26.1,66.8,243,1.8
2020,10,9,16,45,370,46,113,26.0,69.8,241,1.5
2020,10,9,17,45,3,1,2,25.8,71.7,257,1.3
2020,10,9,18,45,0,0,0,25.0,75.7,292,1.1
2020,10,9,19,45,0,0,0,23.4,83.3,330,0.9
2020,10,9,20,45,0,0,0,22.3,87.4,6,0.6
2020,10,9,21,45,0,0,0,21.6,89.0,38,0.6
2020,10,9,22,45,0,0,0,20.6,92.3,45,0.9
2020,10,9,23,45,0,0,0,20.2,94.3,43,0.9
2020,10,10,0,45,0,0,0,20.0,95.5,40,0.8
2020,10,10,1,45,0,0,0,19.8,95.7,35,0.8
2020,10,10,2,45,0,0,0,18.6,96.6,25,0.8
2020,10,10,3,45,0,0,0,17.3,98.4,20,1.0
2020,10,10,4,45,0,0,0,17.6,97.2,19,1.4
2020,10,10,5,45,6,7,7,17.9,95.1,20,1.6
2020,10,10,6,45,190,82,128,19.7,90.3,21,1.6
2020,10,10,7,45,676,96,369,21.9,83.4,19,0.9
2020,10,10,8,45,797,114,573,22.0,80.6,262,0.3
2020,10,10,9,45,862,122,732,24.3,72.1,215,1.0
2020,10,10,10,45,894,124,829,27.3,62.7,216,1.6
2020,10,10,11,45,924,110,861,27.6,61.5,220,2.0
2020,10,10,12,45,915,106,817,28.1,60.0,225,2.1
2020,10,10,13,45,876,104,704,28.8,57.9,231,2.1
2020,10,10,14,45,811,95,536,27.4,63.8,238,2.0
2020,10,10,15,45,675,80,325,26.0,70.8,233,1.7
2020,10,10,16,45,313,47,105,25.9,73.7,232,1.5
2020,10,10,17,45,1,1,1,26.2,73.1,254,1.2
2020,10,10,18,45,0,0,0,25.8,73.7,278,0.8
2020,10,10,19,45,0,0,0,23.7,83.9,350,0.4
2020,10,10,20,45,0,0,0,22.1,91.8,63,0.7
2020,10,10,21,45,0,0,0,21.4,93.5,69,1.0
2020,10,10,22,45,0,0,0,21.0,93.7,61,1.0
2020,10,10,23,45,0,0,0,21.1,92.9,43,1.0
2020,10,11,0,45,0,0,0,20.6,94.9,29,0.9
2020,10,11,1,45,0,0,0,20.1,96.9,25,0.8
2020,10,11,2,45,0,0,0,19.3,97.8,23,0.8
2020,10,11,3,45,0,0,0,18.5,98.4,21,0.9
2020,10,11,4,45,0,0,0,19.4,94.6,18,1.1
2020,10,11,5,45,2,6,6,20.5,90.5,22,1.3
2020,10,11,6,45,167,80,121,21.4,87.8,25,1.3
2020,10,11,7,45,647,98,358,22.3,85.0,39,0.7
2020,10,11,8,45,767,119,559,22.3,83.4,175,0.5
2020,10,11,9,45,824,134,714,24.5,73.9,200,1.2
2020,10,11,10,45,854,140,810,27.1,65.0,206,1.5
2020,10,11,11,45,892,122,843,27.5,64.1,212,1.8
2020,10,11,12,45,879,120,799,27.9,63.0,215,1.9
2020,10,11,13,45,815,126,682,28.3,61.5,215,1.9
2020,10,11,14,45,654,143,495,27.2,66.5,218,1.9
2020,10,11,15,45,581,97,304,25.9,74.0,215,1.7
2020,10,11,16,45,259,49,97,25.8,74.6,208,1.3
2020,10,11,17,45,1,1,1,26.0,74.0,205,0.8
2020,10,11,18,45,0,0,0,25.2,77.8,197,0.3
2020,10,11,19,45,0,0,0,23.2,85.4,135,0.1
2020,10,11,20,45,0,0,0,22.0,89.3,44,0.3
2020,10,11,21,45,0,0,0,21.4,90.9,29,0.6
2020,10,11,22,45,0,0,0,20.8,93.4,23,0.7
2020,10,11,23,45,0,0,0,20.6,94.0,21,0.7
2020,10,12,0,45,0,0,0,19.8,95.2,25,0.7
2020,10,12,1,45,0,0,0,19.2,96.0,27,0.7
2020,10,12,2,45,0,0,0,18.6,97.2,30,0.7
2020,10,12,3,45,0,0,0,17.9,98.7,32,0.7
2020,10,12,4,45,0,0,0,18.5,95.7,32,0.7
2020,10,12,5,45,2,6,6,19.0,92.8,30,0.7
2020,10,12,6,45,75,86,105,20.8,89.5,28,0.7
2020,10,12,7,45,549,117,337,22.3,86.3,46,0.5
2020,10,12,8,45,694,143,539,22.3,84.2,162,0.4
2020,10,12,9,45,763,160,696,24.5,75.7,192,1.0
2020,10,12,10,45,809,162,794,27.2,67.5,194,1.4
2020,10,12,11,45,885,125,836,27.7,65.5,197,1.7
2020,10,12,12,45,880,118,795,28.2,63.8,201,1.8
2020,10,12,13,45,845,113,684,28.8,62.0,205,1.9
2020,10,12,14,45,750,111,513,27.2,68.4,211,1.8
2020,10,12,15,45,613,89,307,25.5,76.7,209,1.4
2020,10,12,16,45,267,46,95,25.3,78.8,194,1.2
2020,10,12,17,45,0,1,1,25.3,78.8,180,0.9
2020,10,12,18,45,0,0,0,24.9,81.4,144,0.5
2020,10,12,19,45,0,0,0,23.4,87.5,86,0.6
2020,10,12,20,45,0,0,0,22.2,89.3,74,0.7
2020,10,12,21,45,0,0,0,21.5,88.9,63,0.7
2020,10,12,22,45,0,0,0,21.0,88.9,45,0.7
2020,10,12,23,45,0,0,0,20.9,88.1,35,0.8
2020,10,13,0,45,0,0,0,20.3,89.7,25,0.8
2020,10,13,1,45,0,0,0,19.8,92.5,22,0.9
2020,10,13,2,45,0,0,0,18.9,95.4,22,0.9
2020,10,13,3,45,0,0,0,18.0,97.5,21,1.0
2020,10,13,4,45,0,0,0,18.5,95.4,23,1.0
2020,10,13,5,45,2,5,6,19.1,93.3,27,1.0
2020,10,13,6,45,128,81,113,20.5,89.5,31,1.1
2020,10,13,7,45,563,115,338,22.3,82.9,66,0.6
2020,10,13,8,45,681,150,536,22.7,78.4,166,0.7
2020,10,13,9,45,733,177,689,24.7,69.4,175,1.3
2020,10,13,10,45,777,182,787,27.5,59.3,178,1.5
2020,10,13,11,45,877,134,836,28.2,56.0,185,1.7
2020,10,13,12,45,743,186,755,28.7,54.6,193,1.7
2020,10,13,13,45,807,130,675,29.2,53.5,199,1.8
2020,10,13,14,45,584,167,473,27.6,61.2,207,1.9
2020,10,13,15,45,540,104,293,25.8,71.3,210,1.6
2020,10,13,16,45,214,51,89,26.0,71.3,208,1.2
2020,10,13,17,45,0,0,0,26.5,68.6,218,0.6
2020,10,13,18,45,0,0,0,25.9,71.3,282,0.2
2020,10,13,19,45,0,0,0,24.2,77.4,349,0.4
2020,10,13,20,45,0,0,0,23.0,80.7,14,0.6
2020,10,13,21,45,0,0,0,22.4,83.2,17,0.7
2020,10,13,22,45,0,0,0,21.3,85.9,17,0.7
2020,10,13,23,45,0,0,0,20.5,87.8,15,0.8
2020,10,14,0,45,0,0,0,19.7,90.2,16,0.9
2020,10,14,1,45,0,0,0,18.9,91.9,21,1.0
2020,10,14,2,45,0,0,0,18.4,94.5,22,1.1
2020,10,14,3,45,0,0,0,18.0,96.6,22,1.1
2020,10,14,4,45,0,0,0,18.6,94.2,22,0.9
2020,10,14,5,45,0,4,4,19.2,91.9,24,0.9
2020,10,14,6,45,2,92,92,20.5,88.3,29,0.9
2020,10,14,7,45,158,203,264,22.3,80.6,35,0.5
2020,10,14,8,45,314,263,446,22.8,74.1,196,0.4
2020,10,14,9,45,702,185,676,24.9,65.2,211,1.1
2020,10,14,10,45,856,140,803,27.5,58.0,209,1.4
2020,10,14,11,45,902,118,837,28.0,58.1,206,1.6
2020,10,14,12,45,723,192,742,28.4,58.2,206,1.7
2020,10,14,13,45,752,147,654,28.9,58.0,208,1.7
2020,10,14,14,45,462,199,442,27.2,65.5,213,1.5
2020,10,14,15,45,345,140,260,25.6,73.2,212,1.2
2020,10,14,16,45,123,57,79,25.8,75.1,198,1.1
2020,10,14,17,45,0,0,0,26.2,75.6,194,0.7
2020,10,14,18,45,0,0,0,25.8,76.7,270,0.1
2020,10,14,19,45,0,0,0,23.8,81.3,345,0.4
2020,10,14,20,45,0,0,0,22.2,84.4,360,0.7
2020,10,14,21,45,0,0,0,21.5,86.0,9,0.7
2020,10,14,22,45,0,0,0,21.0,86.7,13,0.7
2020,10,14,23,45,0,0,0,20.7,88.1,21,0.7
2020,10,15,0,45,0,0,0,19.8,91.1,27,0.8
2020,10,15,1,45,0,0,0,18.9,93.9,25,0.9
2020,10,15,2,45,0,0,0,18.3,96.3,24,1.0
2020,10,15,3,45,0,0,0,18.0,97.5,24,1.1
2020,10,15,4,45,0,0,0,18.2,96.3,24,1.2
2020,10,15,5,45,1,5,5,18.5,94.8,25,1.3
2020,10,15,6,45,106,82,107,19.8,91.4,23,1.4
2020,10,15,7,45,549,119,335,21.9,85.2,14,0.9
2020,10,15,8,45,709,144,542,22.8,79.9,288,0.4
2020,10,15,9,45,780,160,699,25.0,68.9,231,1.0
2020,10,15,10,45,826,162,798,27.8,57.9,226,1.5
2020,10,15,11,45,854,148,824,28.6,54.9,225,1.8
2020,10,15,12,45,717,201,743,29.2,51.4,225,2.0
2020,10,15,13,45,629,204,624,29.6,49.1,227,2.0
2020,10,15,14,45,327,240,415,27.9,57.7,228,2.0
2020,10,15,15,45,239,161,241,26.0,68.5,226,1.8
2020,10,15,16,45,101,55,73,26.1,70.4,229,1.5
2020,10,15,17,45,0,0,0,26.4,70.1,241,0.9
2020,10,15,18,45,0,0,0,26.0,72.2,289,0.3
2020,10,15,19,45,0,0,0,23.9,78.6,352,0.5
2020,10,15,20,45,0,0,0,22.2,83.9,13,0.7
2020,10,15,21,45,0,0,0,21.4,87.3,17,0.7
2020,10,15,22,45,0,0,0,20.2,90.8,18,0.8
2020,10,15,23,45,0,0,0,19.5,91.9,18,0.8
2020,10,16,0,45,0,0,0,18.9,93.3,16,0.7
2020,10,16,1,45,0,0,0,18.5,94.5,17,0.7
2020,10,16,2,45,0,0,0,18.3,96.3,18,0.8
2020,10,16,3,45,0,0,0,18.0,97.5,21,1.0
2020,10,16,4,45,0,0,0,18.4,95.4,22,0.9
2020,10,16,5,45,0,4,4,18.8,93.0,23,0.8
2020,10,16,6,45,67,82,99,20.5,89.4,27,0.7
2020,10,16,7,45,493,129,322,22.4,83.9,55,0.3
2020,10,16,8,45,672,154,529,22.5,80.6,195,0.5
2020,10,16,9,45,747,172,686,24.6,71.9,211,1.1
2020,10,16,10,45,792,177,785,27.3,62.1,222,1.5
2020,10,16,11,45,814,170,812,27.7,60.1,226,1.9
2020,10,16,12,45,738,195,750,28.2,58.3,229,2.1
2020,10,16,13,45,788,145,665,28.7,56.7,233,2.2
2020,10,16,14,45,725,122,498,27.4,63.2,237,2.1
2020,10,16,15,45,575,94,289,25.8,71.5,237,1.8
2020,10,16,16,45,217,43,81,25.8,74.4,238,1.5
2020,10,16,17,45,0,0,0,26.1,74.7,262,1.2
2020,10,16,18,45,0,0,0,25.1,77.8,304,1.2
2020,10,16,19,45,0,0,0,23.0,84.5,333,1.2
2020,10,16,20,45,0,0,0,21.4,86.8,355,1.1
2020,10,16,21,45,0,0,0,20.1,89.1,10,0.9
2020,10,16,22,45,0,0,0,19.5,91.3,17,0.8
2020,10,16,23,45,0,0,0,19.7,90.5,22,0.8
2020,10,17,0,45,0,0,0,19.2,89.9,27,0.7
2020,10,17,1,45,0,0,0,18.6,89.3,32,0.7
2020,10,17,2,45,0,0,0,17.8,91.5,30,0.8
2020,10,17,3,45,0,0,0,17.2,94.4,25,0.9
2020,10,17,4,45,0,0,0,17.6,94.2,24,1.0
2020,10,17,5,45,1,4,4,17.8,93.9,25,1.1
2020,10,17,6,45,118,80,108,19.0,90.5,27,1.2
2020,10,17,7,45,605,109,342,21.3,82.3,29,0.9
2020,10,17,8,45,748,134,548,22.2,72.2,245,0.3
2020,10,17,9,45,818,148,708,24.6,57.4,223,1.0
2020,10,17,10,45,864,148,808,27.5,46.6,228,1.5
2020,10,17,11,45,916,124,843,27.9,45.1,231,1.9
2020,10,17,12,45,904,121,798,28.4,42.7,235,2.3
2020,10,17,13,45,861,118,682,29.2,40.4,240,2.4
2020,10,17,14,45,783,107,509,27.4,45.9,242,2.3
2020,10,17,15,45,615,88,294,25.2,55.3,239,1.9
2020,10,17,16,45,219,42,79,25.1,61.8,243,1.5
2020,10,17,17,45,0,0,0,25.2,62.6,269,1.2
2020,10,17,18,45,0,0,0,24.4,62.8,319,1.0
2020,10,17,19,45,0,0,0,22.1,69.5,358,1.1
2020,10,17,20,45,0,0,0,20.2,74.4,14,1.0
2020,10,17,21,45,0,0,0,19.0,76.9,15,0.9
2020,10,17,22,45,0,0,0,17.8,79.7,18,0.8
2020,10,17,23,45,0,0,0,17.8,79.7,25,0.7
2020,10,18,0,45,0,0,0,17.1,81.7,28,0.7
2020,10,18,1,45,0,0,0,16.5,84.1,33,0.8
2020,10,18,2,45,0,0,0,15.9,86.8,35,1.0
2020,10,18,3,45,0,0,0,15.2,90.2,32,1.1
2020,10,18,4,45,0,0,0,15.5,89.9,28,1.1
2020,10,18,5,45,1,4,4,15.7,89.0,22,0.9
2020,10,18,6,45,98,82,105,17.2,86.9,21,0.9
2020,10,18,7,45,556,118,333,19.7,80.5,28,0.6
2020,10,18,8,45,757,130,547,20.6,72.6,134,0.4
2020,10,18,9,45,830,141,706,23.0,58.7,182,1.0
2020,10,18,10,45,865,145,802,26.3,48.4,194,1.4
2020,10,18,11,45,890,136,831,26.8,47.6,202,1.7
2020,10,18,12,45,872,135,783,27.3,46.7,210,1.9
2020,10,18,13,45,824,131,667,28.0,45.4,219,1.9
2020,10,18,14,45,730,121,493,26.4,53.7,224,1.9
2020,10,18,15,45,554,96,280,24.6,65.1,224,1.7
2020,10,18,16,45,184,42,73,24.9,68.5,220,1.2
2020,10,18,17,45,0,0,0,25.2,69.0,220,0.7
2020,10,18,18,45,0,0,0,24.0,72.5,274,0.2
2020,10,18,19,45,0,0,0,21.2,80.5,12,0.4
2020,10,18,20,45,0,0,0,19.0,85.2,30,0.7
2020,10,18,21,45,0,0,0,18.0,88.4,27,0.8
2020,10,18,22,45,0,0,0,17.6,89.8,25,0.7
2020,10,18,23,45,0,0,0,17.5,89.5,27,0.7
2020,10,19,0,45,0,0,0,16.7,91.2,30,0.8
2020,10,19,1,45,0,0,0,16.2,92.0,30,1.0
2020,10,19,2,45,0,0,0,16.0,94.1,29,1.1
2020,10,19,3,45,0,0,0,15.4,96.8,28,1.2
2020,10,19,4,45,0,0,0,15.7,95.9,24,1.1
2020,10,19,5,45,0,3,3,16.1,94.4,23,1.0
2020,10,19,6,45,32,81,89,17.7,90.4,22,1.1
2020,10,19,7,45,389,149,301,20.2,81.9,21,0.9
2020,10,19,8,45,683,149,524,21.3,74.1,116,0.3
2020,10,19,9,45,776,158,684,24.0,62.1,189,1.0
2020,10,19,10,45,814,164,779,26.8,53.2,193,1.5
2020,10,19,11,45,848,151,810,27.0,53.6,201,1.8
2020,10,19,12,45,838,146,766,27.3,53.9,208,2.0
2020,10,19,13,45,788,141,651,27.6,54.0,214,2.0
2020,10,19,14,45,662,139,474,25.8,62.1,220,1.8
2020,10,19,15,45,522,99,271,24.0,72.0,226,1.5
2020,10,19,16,45,148,43,67,24.5,73.9,236,1.3
2020,10,19,17,45,0,0,0,25.0,73.3,263,1.0
2020,10,19,18,45,0,0,0,23.9,76.7,314,0.9
2020,10,19,19,45,0,0,0,21.2,85.4,346,1.1
2020,10,19,20,45,0,0,0,19.6,89.6,0,1.1
2020,10,19,21,45,0,0,0,18.9,90.4,10,0.9
2020,10,19,22,45,0,0,0,18.4,91.8,18,0.8
2020,10,19,23,45,0,0,0,18.3,91.8,25,0.7
2020,10,20,0,45,0,0,0,17.6,94.8,28,0.7
2020,10,20,1,45,0,0,0,17.0,97.8,31,0.9
2020,10,20,2,45,0,0,0,16.6,96.9,33,1.0
2020,10,20,3,45,0,0,0,16.3,95.6,31,1.1
2020,10,20,4,45,0,0,0,16.8,93.5,28,1.0
2020,10,20,5,45,0,3,3,17.3,91.5,25,0.9
2020,10,20,6,45,7,79,81,18.6,87.6,24,1.1
2020,10,20,7,45,320,162,288,20.3,80.1,38,0.8
2020,10,20,8,45,702,144,528,20.7,74.2,129,0.4
2020,10,20,9,45,795,154,690,21.9,67.5,189,0.9
2020,10,20,10,45,835,159,786,25.3,56.2,200,1.3
2020,10,20,11,45,785,188,794,27.4,49.6,204,1.7
2020,10,20,12,45,750,191,744,27.6,47.8,205,2.0
2020,10,20,13,45,731,168,638,27.9,47.2,208,2.0
2020,10,20,14,45,629,149,466,25.8,56.4,209,1.7
2020,10,20,15,45,401,119,253,23.7,67.0,215,1.2
2020,10,20,16,45,21,50,54,24.4,69.0,230,1.2
2020,10,20,17,45,0,0,0,24.7,69.7,254,0.8
2020,10,20,18,45,0,0,0,23.1,70.8,300,0.4
2020,10,20,19,45,0,0,0,20.9,74.8,333,0.5
2020,10,20,20,45,0,0,0,19.9,77.3,7,0.5
2020,10,20,21,45,0,0,0,19.4,78.9,29,0.5
2020,10,20,22,45,0,0,0,18.8,80.6,34,0.7
2020,10,20,23,45,0,0,0,18.4,81.9,33,0.8
2020,10,21,0,45,0,0,0,17.4,86.4,28,0.9
2020,10,21,1,45,0,0,0,16.3,91.4,27,1.0
2020,10,21,2,45,0,0,0,15.4,95.3,25,1.2
2020,10,21,3,45,0,0,0,15.2,97.5,24,1.2
2020,10,21,4,45,0,0,0,15.6,97.5,21,1.2
2020,10,21,5,45,0,3,3,15.9,96.5,19,1.2
2020,10,21,6,45,19,79,83,17.3,91.3,19,1.2
2020,10,21,7,45,374,148,295,19.4,82.8,8,0.9
2020,10,21,8,45,708,142,525,20.2,75.4,283,0.4
2020,10,21,9,45,776,161,681,23.0,64.1,215,1.0
2020,10,21,10,45,811,170,776,26.0,54.6,206,1.5
2020,10,21,11,45,757,198,780,26.4,52.1,204,1.8
2020,10,21,12,45,601,255,694,26.9,50.0,207,2.0
2020,10,21,13,45,554,228,588,27.3,47.7,213,2.2
2020,10,21,14,45,249,251,377,25.9,56.0,216,2.0
2020,10,21,15,45,129,163,205,24.4,68.0,211,1.5
2020,10,21,16,45,31,48,53,24.6,68.2,205,1.2
2020,10,21,17,45,0,0,0,25.1,65.6,220,0.7
2020,10,21,18,45,0,0,0,23.6,70.0,282,0.3
2020,10,21,19,45,0,0,0,21.1,77.0,349,0.4
2020,10,21,20,45,0,0,0,20.3,77.8,20,0.6
2020,10,21,21,45,0,0,0,19.8,80.3,32,0.7
2020,10,21,22,45,0,0,0,18.8,85.4,34,0.9
2020,10,21,23,45,0,0,0,18.0,88.1,31,1.1
2020,10,22,0,45,0,0,0,17.2,91.2,25,1.1
2020,10,22,1,45,0,0,0,16.4,94.4,20,1.2
2020,10,22,2,45,0,0,0,15.8,96.2,22,1.6
2020,10,22,3,45,0,0,0,15.3,96.5,22,2.0
2020,10,22,4,45,0,0,0,15.8,93.8,21,2.1
2020,10,22,5,45,0,2,2,16.4,91.1,24,2.1
2020,10,22,6,45,0,73,73,17.5,88.6,24,2.1
2020,10,22,7,45,201,180,260,19.4,83.9,20,1.7
2020,10,22,8,45,564,181,488,20.4,76.4,1,1.0
2020,10,22,9,45,775,155,672,22.5,64.7,295,0.9
2020,10,22,10,45,798,170,764,25.3,56.2,258,1.4
2020,10,22,11,45,764,194,779,26.2,53.3,248,1.7
2020,10,22,12,45,564,270,680,26.2,51.4,238,1.9
2020,10,22,13,45,651,195,608,26.5,50.7,231,1.7
2020,10,22,14,45,487,181,424,25.2,56.6,241,1.2
2020,10,22,15,45,208,141,207,23.6,64.0,271,0.8
2020,10,22,16,45,21,42,46,24.3,59.9,288,0.6
2020,10,22,17,45,0,0,0,24.6,58.6,314,0.7
2020,10,22,18,45,0,0,0,23.5,63.4,347,0.9
2020,10,22,19,45,0,0,0,20.7,71.8,8,1.1
2020,10,22,20,45,0,0,0,18.5,79.8,19,1.2
2020,10,22,21,45,0,0,0,17.5,82.1,23,1.4
2020,10,22,22,45,0,0,0,16.5,86.0,26,1.6
2020,10,22,23,45,0,0,0,16.3,87.1,28,1.8
2020,10,23,0,45,0,0,0,15.8,87.9,26,1.9
2020,10,23,1,45,0,0,0,15.3,89.0,21,1.9
2020,10,23,2,45,0,0,0,15.2,86.7,19,2.0
2020,10,23,3,45,0,0,0,14.9,84.2,19,2.0
2020,10,23,4,45,0,0,0,15.5,81.0,18,1.9
2020,10,23,5,45,0,2,2,16.0,78.7,17,1.8
2020,10,23,6,45,1,68,68,17.3,79.1,18,1.7
2020,10,23,7,45,197,177,253,19.2,76.7,14,1.4
2020,10,23,8,45,560,182,485,20.1,68.0,336,1.0
2020,10,23,9,45,683,196,649,22.7,55.3,279,1.1
2020,10,23,10,45,736,203,748,25.8,46.3,254,1.6
2020,10,23,11,45,833,161,795,26.2,43.8,241,1.8
2020,10,23,12,45,828,152,751,26.8,42.5,235,2.0
2020,10,23,13,45,778,145,636,27.6,41.3,239,2.1
2020,10,23,14,45,717,119,470,26.0,47.7,238,2.2
2020,10,23,15,45,556,88,262,24.2,57.0,232,1.8
2020,10,23,16,45,151,36,60,23.9,61.3,236,1.3
2020,10,23,17,45,0,0,0,23.8,62.1,262,0.9
2020,10,23,18,45,0,0,0,22.8,63.0,309,0.7
2020,10,23,19,45,0,0,0,20.2,66.2,349,0.8
2020,10,23,20,45,0,0,0,18.4,70.6,3,1.0
2020,10,23,21,45,0,0,0,17.2,75.1,11,1.1
2020,10,23,22,45,0,0,0,16.2,78.5,13,1.1
2020,10,23,23,45,0,0,0,15.5,81.8,13,1.1
2020,10,24,0,45,0,0,0,14.9,85.9,17,1.2
2020,10,24,1,45,0,0,0,14.7,87.8,18,1.3
2020,10,24,2,45,0,0,0,14.2,88.3,20,1.3
2020,10,24,3,45,0,0,0,13.6,89.8,21,1.4
2020,10,24,4,45,0,0,0,14.0,90.7,21,1.4
2020,10,24,5,45,2,2,2,14.5,91.0,21,1.3
2020,10,24,6,45,80,75,92,15.8,87.6,20,1.2
2020,10,24,7,45,548,110,315,19.0,77.7,21,0.9
2020,10,24,8,45,803,107,533,21.4,64.9,301,0.3
2020,10,24,9,45,866,118,689,23.3,52.7,221,0.9
2020,10,24,10,45,893,126,783,25.0,46.8,220,1.6
2020,10,24,11,45,908,122,810,25.1,47.3,222,2.0
2020,10,24,12,45,889,123,762,25.5,47.6,225,2.3
2020,10,24,13,45,838,121,647,26.0,46.6,229,2.3
2020,10,24,14,45,749,111,475,25.0,52.3,233,2.2
2020,10,24,15,45,569,87,262,23.8,61.9,232,1.7
2020,10,24,16,45,153,35,59,23.9,64.5,235,1.3
2020,10,24,17,45,0,0,0,24.3,60.7,253,1.0
2020,10,24,18,45,0,0,0,23.2,61.2,285,0.6
2020,10,24,19,45,0,0,0,20.2,69.8,337,0.6
2020,10,24,20,45,0,0,0,18.7,74.9,15,0.8
2020,10,24,21,45,0,0,0,17.8,79.3,21,0.9
2020,10,24,22,45,0,0,0,16.8,84.4,21,0.9
2020,10,24,23,45,0,0,0,16.4,86.0,21,0.9
2020,10,25,0,45,0,0,0,15.4,90.2,21,0.9
2020,10,25,1,45,0,0,0,14.6,94.0,19,0.9
2020,10,25,2,45,0,0,0,13.7,94.9,23,1.0
2020,10,25,3,45,0,0,0,12.8,94.9,25,1.2
2020,10,25,4,45,0,0,0,13.2,91.5,22,1.2
2020,10,25,5,45,1,2,2,13.8,88.6,21,1.1
2020,10,25,6,45,84,73,90,15.6,84.8,21,1.1
2020,10,25,7,45,553,113,315,18.3,77.1,15,0.9
2020,10,25,8,45,715,142,520,19.8,65.8,316,0.3
2020,10,25,9,45,778,166,675,22.7,50.4,208,0.8
2020,10,25,10,45,817,174,772,25.4,42.2,200,1.4
2020,10,25,11,45,900,136,814,25.3,44.2,202,1.9
2020,10,25,12,45,888,133,768,26.1,43.2,209,2.1
2020,10,25,13,45,832,131,650,27.2,40.6,218,2.0
2020,10,25,14,45,757,113,478,24.9,46.8,225,1.8
2020,10,25,15,45,579,86,263,22.6,55.9,223,1.5
2020,10,25,16,45,157,34,58,23.1,57.7,216,1.2
2020,10,25,17,45,0,0,0,23.9,53.4,227,0.8
2020,10,25,18,45,0,0,0,23.0,55.5,282,0.4
2020,10,25,19,45,0,0,0,20.2,65.7,345,0.7
2020,10,25,20,45,0,0,0,18.0,72.6,10,0.9
2020,10,25,21,45,0,0,0,17.0,75.8,16,0.9
2020,10,25,22,45,0,0,0,15.8,78.4,16,0.9
2020,10,25,23,45,0,0,0,14.9,80.9,17,0.8
2020,10,26,0,45,0,0,0,14.0,83.5,24,0.9
2020,10,26,1,45,0,0,0,13.6,84.3,25,0.9
2020,10,26,2,45,0,0,0,12.6,85.6,24,1.1
2020,10,26,3,45,0,0,0,11.8,87.3,24,1.2
2020,10,26,4,45,0,0,0,12.7,83.4,24,1.3
2020,10,26,5,45,0,2,2,13.6,79.7,21,1.2
2020,10,26,6,45,128,68,94,15.0,76.5,18,1.3
2020,10,26,7,45,601,104,318,17.3,69.9,9,1.2
2020,10,26,8,45,738,134,521,18.4,60.1,321,0.9
2020,10,26,9,45,804,154,678,21.4,47.1,271,1.3
2020,10,26,10,45,840,162,774,24.4,39.9,251,1.7
2020,10,26,11,45,909,131,812,24.7,39.2,243,2.0
2020,10,26,12,45,897,126,764,25.6,35.5,243,2.3
2020,10,26,13,45,835,126,644,26.4,33.1,246,2.5
2020,10,26,14,45,734,115,466,24.2,43.1,256,2.4
2020,10,26,15,45,518,92,249,22.2,55.6,261,2.0
2020,10,26,16,45,105,34,50,22.5,56.4,270,1.7
2020,10,26,17,45,0,0,0,22.3,57.9,296,1.6
2020,10,26,18,45,0,0,0,21.6,60.0,327,1.6
2020,10,26,19,45,0,0,0,19.2,64.2,348,1.5
2020,10,26,20,45,0,0,0,17.0,69.8,2,1.3
2020,10,26,21,45,0,0,0,16.1,72.3,13,1.1
2020,10,26,22,45,0,0,0,15.0,76.3,18,1.1
2020,10,26,23,45,0,0,0,14.5,79.3,20,1.2
2020,10,27,0,45,0,0,0,13.6,82.7,22,1.2
2020,10,27,1,45,0,0,0,12.9,85.1,24,1.3
2020,10,27,2,45,0,0,0,12.5,86.2,23,1.4
2020,10,27,3,45,0,0,0,12.0,87.0,23,1.5
2020,10,27,4,45,0,0,0,12.3,85.9,24,1.5
2020,10,27,5,45,1,1,1,12.8,84.2,25,1.4
2020,10,27,6,45,129,66,92,14.8,79.3,24,1.5
2020,10,27,7,45,608,101,317,17.4,73.7,23,1.3
2020,10,27,8,45,757,127,521,18.7,65.4,10,0.6
2020,10,27,9,45,823,144,677,22.0,51.0,243,0.4
2020,10,27,10,45,863,147,772,24.9,41.9,211,1.2
2020,10,27,11,45,923,120,807,25.0,40.9,210,1.7
2020,10,27,12,45,911,115,760,25.6,39.8,214,2.0
2020,10,27,13,45,864,112,643,26.4,38.8,216,2.1
2020,10,27,14,45,780,100,470,24.3,47.6,218,1.9
2020,10,27,15,45,605,78,258,22.2,59.4,216,1.4
2020,10,27,16,45,157,31,54,22.8,60.3,224,1.0
2020,10,27,17,45,0,0,0,22.7,59.3,264,0.7
2020,10,27,18,45,0,0,0,20.8,62.8,329,0.8
2020,10,27,19,45,0,0,0,18.3,70.9,360,1.1
2020,10,27,20,45,0,0,0,16.9,76.5,14,1.0
2020,10,27,21,45,0,0,0,15.8,79.7,16,0.9
2020,10,27,22,45,0,0,0,14.3,84.7,16,0.9
2020,10,27,23,45,0,0,0,13.8,86.6,18,1.0
2020,10,28,0,45,0,0,0,13.4,88.3,18,1.1
2020,10,28,1,45,0,0,0,13.1,89.4,20,1.2
2020,10,28,2,45,0,0,0,12.2,90.9,22,1.2
2020,10,28,3,45,0,0,0,11.4,92.0,24,1.2
2020,10,28,4,45,0,0,0,11.8,88.8,24,1.3
2020,10,28,5,45,2,1,1,12.4,85.3,23,1.3
2020,10,28,6,45,112,67,89,14.2,80.1,24,1.4
2020,10,28,7,45,606,97,312,16.8,73.6,24,1.2
2020,10,28,8,45,777,115,517,18.1,65.0,20,0.4
2020,10,28,9,45,840,130,671,20.0,55.6,214,0.6
2020,10,28,10,45,876,134,765,23.8,46.8,215,1.2
2020,10,28,11,45,918,116,796,26.0,41.9,212,1.6
2020,10,28,12,45,909,110,750,26.2,41.1,209,1.8
2020,10,28,13,45,871,104,636,26.7,40.7,210,1.9
2020,10,28,14,45,800,90,466,24.5,50.5,215,1.8
2020,10,28,15,45,640,69,257,22.3,63.1,219,1.4
2020,10,28,16,45,174,29,54,22.5,64.0,225,1.1
2020,10,28,17,45,0,0,0,22.9,60.3,249,0.6
2020,10,28,18,45,0,0,0,21.7,63.1,329,0.5
2020,10,28,19,45,0,0,0,19.5,71.2,12,0.7
2020,10,28,20,45,0,0,0,18.2,75.0,20,0.7
2020,10,28,21,45,0,0,0,16.8,79.6,15,0.8
2020,10,28,22,45,0,0,0,15.4,84.8,15,0.8
2020,10,28,23,45,0,0,0,14.5,86.9,20,0.7
2020,10,29,0,45,0,0,0,13.8,88.3,22,0.8
2020,10,29,1,45,0,0,0,13.6,88.9,19,0.9
2020,10,29,2,45,0,0,0,13.1,90.0,24,1.0
2020,10,29,3,45,0,0,0,12.4,90.9,28,1.1
2020,10,29,4,45,0,0,0,12.7,88.5,24,1.2
2020,10,29,5,45,0,1,1,13.1,86.2,23,1.4
2020,10,29,6,45,70,67,81,14.5,82.0,24,1.6
2020,10,29,7,45,541,107,297,16.9,75.1,26,1.4
2020,10,29,8,45,713,132,499,18.6,66.4,15,0.5
2020,10,29,9,45,780,152,652,22.2,51.8,212,0.6
2020,10,29,10,45,824,156,747,25.4,43.4,208,1.3
2020,10,29,11,45,917,113,789,25.6,44.0,205,1.7
2020,10,29,12,45,924,99,746,26.2,42.7,206,1.7
2020,10,29,13,45,888,93,633,27.1,40.8,213,1.7
2020,10,29,14,45,821,81,464,25.0,49.8,221,1.6
2020,10,29,15,45,667,63,256,22.8,61.1,222,1.4
2020,10,29,16,45,214,26,54,23.3,59.8,227,1.2
2020,10,29,17,45,0,0,0,23.8,54.6,257,0.8
2020,10,29,18,45,0,0,0,22.6,55.9,322,0.7
2020,10,29,19,45,0,0,0,20.2,65.5,354,1.0
2020,10,29,20,45,0,0,0,18.7,71.1,10,0.9
2020,10,29,21,45,0,0,0,17.2,74.7,18,0.8
2020,10,29,22,45,0,0,0,15.8,79.4,27,0.8
2020,10,29,23,45,0,0,0,14.9,82.3,27,0.9
2020,10,30,0,45,0,0,0,14.0,86.0,23,1.0
2020,10,30,1,45,0,0,0,13.6,87.7,22,1.1
2020,10,30,2,45,0,0,0,13.2,88.8,22,1.2
2020,10,30,3,45,0,0,0,12.8,89.4,22,1.3
2020,10,30,4,45,0,0,0,13.3,85.4,21,1.4
2020,10,30,5,45,2,1,1,14.0,81.3,21,1.4
2020,10,30,6,45,200,56,92,15.6,77.6,20,1.4
2020,10,30,7,45,695,75,314,18.3,72.6,18,1.3
2020,10,30,8,45,831,89,513,19.8,64.5,349,0.7
2020,10,30,9,45,899,95,668,22.8,51.4,261,0.7
2020,10,30,10,45,932,97,762,26.0,43.4,230,1.2
2020,10,30,11,45,961,85,790,26.4,42.4,218,1.6
2020,10,30,12,45,951,82,744,27.2,40.9,215,1.8
2020,10,30,13,45,912,80,630,28.0,39.9,218,1.9
2020,10,30,14,45,844,70,461,25.8,49.7,223,1.8
2020,10,30,15,45,602,68,245,23.6,62.6,222,1.6
2020,10,30,16,45,100,31,45,24.0,63.1,218,1.1
2020,10,30,17,45,0,0,0,24.3,60.1,228,0.6
2020,10,30,18,45,0,0,0,22.8,63.5,331,0.2
2020,10,30,19,45,0,0,0,20.2,73.0,22,0.5
2020,10,30,20,45,0,0,0,18.7,78.8,21,0.7
2020,10,30,21,45,0,0,0,17.6,82.3,22,0.8
2020,10,30,22,45,0,0,0,16.7,85.5,17,0.8
2020,10,30,23,45,0,0,0,16.3,86.0,15,0.8
2020,10,31,0,45,0,0,0,15.6,87.9,18,0.8
2020,10,31,1,45,0,0,0,14.8,90.2,22,0.9
2020,10,31,2,45,0,0,0,14.6,90.7,22,1.1
2020,10,31,3,45,0,0,0,14.5,91.3,22,1.2
2020,10,31,4,45,0,0,0,14.7,89.0,22,1.2
2020,10,31,5,45,1,1,1,15.1,85.9,20,1.2
2020,10,31,6,45,255,50,93,16.4,81.9,20,1.2
2020,10,31,7,45,719,68,311,19.0,75.7,19,0.9
2020,10,31,8,45,842,82,508,20.5,69.8,329,0.3
2020,10,31,9,45,901,90,660,23.3,59.4,205,0.7
2020,10,31,10,45,917,99,749,26.1,51.6,194,1.1
2020,10,31,11,45,896,111,765,26.2,51.1,185,1.1
2020,10,31,12,45,833,130,707,27.0,49.9,182,1.3
2020,10,31,13,45,811,113,603,27.8,48.5,177,1.7
2020,10,31,14,45,602,141,414,25.6,57.2,190,1.6
2020,10,31,15,45,544,79,234,23.5,67.3,211,1.3
2020,10,31,16,45,119,27,44,24.0,67.0,223,1.1
2020,10,31,17,45,0,0,0,24.5,64.2,251,0.9
2020,10,31,18,45,0,0,0,23.3,67.6,314,0.7
2020,10,31,19,45,0,0,0,20.4,77.4,353,0.9
2020,10,31,20,45,0,0,0,18.6,81.4,3,1.0
2020,10,31,21,45,0,0,0,18.4,80.8,6,0.9
2020,10,31,22,45,0,0,0,17.7,82.6,10,0.9
2020,10,31,23,45,0,0,0,17.0,85.0,18,0.8
2020,11,1,0,45,0,0,0,16.7,85.7,23,0.8
2020,11,1,1,45,0,0,0,16.5,84.1,22,0.8
2020,11,1,2,45,0,0,0,16.1,86.8,18,0.9
2020,11,1,3,45,0,0,0,15.4,91.7,18,1.0
2020,11,1,4,45,0,0,0,15.6,89.6,19,0.9
2020,11,1,5,45,0,0,0,16.0,87.1,27,0.8
2020,11,1,6,45,0,34,34,17.1,84.2,30,0.8
2020,11,1,7,45,1,161,161,18.8,79.1,34,0.7
2020,11,1,8,45,8,276,279,19.7,75.5,106,0.4
2020,11,1,9,45,6,360,364,22.0,65.3,166,0.9
2020,11,1,10,45,61,404,447,24.4,57.1,173,1.4
2020,11,1,11,45,0,348,348,24.5,58.0,178,1.6
2020,11,1,12,45,0,420,420,24.7,59.4,186,1.5
2020,11,1,13,45,0,216,216,25.1,60.8,197,1.3
2020,11,1,14,45,0,119,119,23.8,67.9,210,1.1
2020,11,1,15,45,0,122,122,22.6,75.7,215,1.2
2020,11,1,16,45,7,32,32,22.7,77.9,228,1.3
2020,11,1,17,45,0,0,0,22.9,77.7,256,1.3
2020,11,1,18,45,0,0,0,22.4,79.4,299,1.2
2020,11,1,19,45,0,0,0,20.1,86.7,334,1.1
2020,11,1,20,45,0,0,0,18.3,91.8,354,1.0
2020,11,1,21,45,0,0,0,17.6,93.6,3,0.9
2020,11,1,22,45,0,0,0,17.0,95.0,11,0.8
2020,11,1,23,45,0,0,0,16.8,95.6,25,0.7
2020,11,2,0,45,0,0,0,15.7,98.1,32,0.8
2020,11,2,1,45,0,0,0,14.9,99.7,30,0.8
2020,11,2,2,45,0,0,0,14.7,99.0,28,0.9
2020,11,2,3,45,0,0,0,14.2,99.0,22,0.9
2020,11,2,4,45,0,0,0,14.6,96.8,20,1.0
2020,11,2,5,45,0,0,0,15.1,94.1,23,1.0
2020,11,2,6,45,16,59,63,16.4,90.3,23,1.1
2020,11,2,7,45,381,125,257,18.1,85.9,22,0.9
2020,11,2,8,45,606,156,459,18.7,82.7,103,0.3
2020,11,2,9,45,691,180,612,20.7,71.9,202,0.8
2020,11,2,10,45,751,183,710,24.0,58.9,203,1.3
2020,11,2,11,45,848,143,755,24.9,55.6,200,1.6
2020,11,2,12,45,837,138,711,25.3,54.8,199,1.9
2020,11,2,13,45,778,135,596,25.7,53.3,204,1.9
2020,11,2,14,45,643,128,420,23.8,61.6,220,1.6
2020,11,2,15,45,425,93,213,22.0,71.9,225,1.5
2020,11,2,16,45,70,27,36,22.1,75.7,215,1.5
2020,11,2,17,45,0,0,0,22.3,76.4,224,1.3
2020,11,2,18,45,0,0,0,21.9,77.6,250,0.8
2020,11,2,19,45,0,0,0,19.4,85.6,310,0.6
2020,11,2,20,45,0,0,0,17.2,92.1,356,0.8
2020,11,2,21,45,0,0,0,15.8,95.0,9,0.9
2020,11,2,22,45,0,0,0,15.0,97.5,13,0.9
2020,11,2,23,45,0,0,0,14.9,98.4,17,0.8
2020,11,3,0,45,0,0,0,14.6,99.4,21,0.9
2020,11,3,1,45,0,0,0,14.6,99.4,21,0.9
2020,11,3,2,45,0,0,0,13.8,99.7,18,0.9
2020,11,3,3,45,0,0,0,13.0,99.7,20,1.0
2020,11,3,4,45,0,0,0,13.6,98.1,21,1.0
2020,11,3,5,45,0,0,0,14.2,96.5,17,1.0
2020,11,3,6,45,2,55,55,15.2,93.5,16,1.3
2020,11,3,7,45,216,149,225,16.8,88.3,11,1.0
2020,11,3,8,45,439,199,418,17.2,82.8,309,0.4
2020,11,3,9,45,529,239,568,20.5,69.8,224,0.7
2020,11,3,10,45,591,253,666,23.7,59.7,211,1.3
2020,11,3,11,45,719,208,724,23.4,58.1,209,1.8
2020,11,3,12,45,720,193,683,23.9,55.9,212,2.0
2020,11,3,13,45,651,182,566,24.5,54.4,221,1.7
2020,11,3,14,45,515,159,391,22.4,63.0,231,1.4
2020,11,3,15,45,309,105,192,20.4,72.8,227,1.4
2020,11,3,16,45,39,26,32,20.4,78.1,225,1.5
2020,11,3,17,45,0,0,0,20.8,79.2,240,1.3
2020,11,3,18,45,0,0,0,20.0,78.8,271,0.9
2020,11,3,19,45,0,0,0,17.5,85.3,322,0.8
2020,11,3,20,45,0,0,0,16.2,89.4,357,1.0
2020,11,3,21,45,0,0,0,15.1,92.3,10,0.9
2020,11,3,22,45,0,0,0,14.1,95.2,15,0.8
2020,11,3,23,45,0,0,0,13.9,96.8,15,0.8
2020,11,4,0,45,0,0,0,13.6,98.4,14,0.8
2020,11,4,1,45,0,0,0,13.2,99.7,14,0.8
2020,11,4,2,45,0,0,0,12.6,99.7,15,0.9
2020,11,4,3,45,0,0,0,12.0,99.3,20,1.0
2020,11,4,4,45,0,0,0,12.4,98.1,24,1.0
2020,11,4,5,45,0,0,0,12.8,96.5,24,1.0
2020,11,4,6,45,0,50,50,14.0,93.7,22,1.1
2020,11,4,7,45,139,162,213,15.9,89.1,16,0.9
2020,11,4,8,45,490,187,430,17.0,81.2,315,0.4
2020,11,4,9,45,617,208,590,18.6,70.7,227,0.7
2020,11,4,10,45,674,218,686,21.3,60.2,217,1.3
2020,11,4,11,45,739,197,725,22.4,54.2,216,1.8
2020,11,4,12,45,721,191,679,22.3,53.7,220,1.8
2020,11,4,13,45,637,184,558,22.6,53.9,234,1.4
2020,11,4,14,45,473,166,378,21.0,61.6,237,1.2
2020,11,4,15,45,206,114,175,19.0,73.3,228,1.2
2020,11,4,16,45,13,26,28,19.4,74.7,227,1.2
2020,11,4,17,45,0,0,0,20.2,72.5,233,0.9
2020,11,4,18,45,0,0,0,19.1,75.9,272,0.4
2020,11,4,19,45,0,0,0,16.8,82.8,340,0.5
2020,11,4,20,45,0,0,0,15.4,86.5,3,0.9
2020,11,4,21,45,0,0,0,14.1,90.4,7,0.9
2020,11,4,22,45,0,0,0,13.2,94.3,11,0.8
2020,11,4,23,45,0,0,0,13.1,94.3,17,0.8
2020,11,5,0,45,0,0,0,12.6,94.3,19,0.9
2020,11,5,1,45,0,0,0,12.2,95.2,18,0.9
2020,11,5,2,45,0,0,0,11.7,94.5,22,1.2
2020,11,5,3,45,0,0,0,11.3,93.3,25,1.4
2020,11,5,4,45,0,0,0,11.6,89.9,27,1.5
2020,11,5,5,45,0,0,0,12.0,86.1,28,1.5
2020,11,5,6,45,7,55,56,13.0,83.4,27,1.5
2020,11,5,7,45,287,139,237,14.9,79.1,25,1.3
2020,11,5,8,45,540,176,441,16.9,69.5,35,0.5
2020,11,5,9,45,653,199,600,19.9,57.4,212,0.4
2020,11,5,10,45,709,209,698,22.0,49.7,221,1.1
2020,11,5,11,45,766,191,735,21.9,47.5,222,1.6
2020,11,5,12,45,744,187,688,22.8,46.7,223,1.9
2020,11,5,13,45,672,178,569,23.7,46.0,225,2.1
2020,11,5,14,45,547,152,395,21.7,56.0,226,1.9
2020,11,5,15,45,330,102,193,19.6,70.6,221,1.5
2020,11,5,16,45,32,25,30,20.3,72.3,218,1.2
2020,11,5,17,45,0,0,0,20.8,71.5,223,0.8
2020,11,5,18,45,0,0,0,19.7,76.0,265,0.4
2020,11,5,19,45,0,0,0,17.6,80.5,346,0.5
2020,11,5,20,45,0,0,0,15.7,84.3,12,0.7
2020,11,5,21,45,0,0,0,14.0,89.8,15,0.8
2020,11,5,22,45,0,0,0,12.9,93.6,13,0.9
2020,11,5,23,45,0,0,0,12.8,94.3,12,1.0
2020,11,6,0,45,0,0,0,12.5,95.2,14,1.0
2020,11,6,1,45,0,0,0,12.2,95.5,17,1.0
2020,11,6,2,45,0,0,0,12.1,93.6,21,1.2
2020,11,6,3,45,0,0,0,11.9,91.7,25,1.4
2020,11,6,4,45,0,0,0,12.2,89.4,25,1.4
2020,11,6,5,45,0,0,0,12.4,87.0,25,1.4
2020,11,6,6,45,9,56,58,13.4,85.1,24,1.5
2020,11,6,7,45,325,134,244,15.2,81.2,25,1.2
2020,11,6,8,45,664,140,464,16.6,72.4,45,0.4
2020,11,6,9,45,764,155,622,19.8,60.3,200,0.7
2020,11,6,10,45,804,164,716,22.2,55.1,201,1.4
2020,11,6,11,45,821,162,742,21.9,56.1,206,1.7
2020,11,6,12,45,792,162,693,22.6,55.9,212,1.9
2020,11,6,13,45,730,154,576,23.4,56.5,218,1.9
2020,11,6,14,45,641,126,409,21.4,67.9,228,1.7
2020,11,6,15,45,396,92,202,19.5,79.7,229,1.5
2020,11,6,16,45,46,25,31,20.3,79.8,225,1.3
2020,11,6,17,45,0,0,0,20.6,80.4,231,0.8
2020,11,6,18,45,0,0,0,19.4,84.4,272,0.3
2020,11,6,19,45,0,0,0,17.2,90.6,356,0.4
2020,11,6,20,45,0,0,0,15.6,94.7,18,0.6
2020,11,6,21,45,0,0,0,14.3,97.1,17,0.7
2020,11,6,22,45,0,0,0,13.2,99.0,16,0.7
2020,11,6,23,45,0,0,0,13.0,99.7,15,0.8
2020,11,7,0,45,0,0,0,12.4,100.0,14,0.8
2020,11,7,1,45,0,0,0,12.0,99.3,15,0.9
2020,11,7,2,45,0,0,0,11.6,99.0,21,1.2
2020,11,7,3,45,0,0,0,11.3,99.3,25,1.4
2020,11,7,4,45,0,0,0,11.5,96.8,22,1.5
2020,11,7,5,45,0,0,0,11.8,93.6,21,1.5
2020,11,7,6,45,4,55,56,12.4,93.0,21,1.6
2020,11,7,7,45,258,147,233,15.8,82.6,19,1.2
2020,11,7,8,45,616,151,452,19.3,69.4,349,0.4
2020,11,7,9,45,818,132,629,20.8,61.8,204,0.8
2020,11,7,10,45,855,139,722,21.8,57.9,201,1.4
2020,11,7,11,45,820,160,737,21.7,58.9,202,1.7
2020,11,7,12,45,614,231,641,22.3,58.6,205,1.9
2020,11,7,13,45,727,152,571,22.8,58.7,210,2.0
2020,11,7,14,45,514,154,384,20.9,68.5,214,1.8
2020,11,7,15,45,203,119,175,19.2,79.2,211,1.5
2020,11,7,16,45,20,25,28,19.6,80.7,205,1.2
2020,11,7,17,45,0,0,0,19.8,81.0,198,0.8
2020,11,7,18,45,0,0,0,19.1,84.1,170,0.3
2020,11,7,19,45,0,0,0,16.8,90.9,44,0.3
2020,11,7,20,45,0,0,0,15.2,95.3,29,0.6
2020,11,7,21,45,0,0,0,14.4,97.1,27,0.7
2020,11,7,22,45,0,0,0,13.8,99.4,27,0.7
2020,11,7,23,45,0,0,0,13.8,100.0,27,0.7
2020,11,8,0,45,0,0,0,13.0,100.0,27,0.7
2020,11,8,1,45,0,0,0,12.4,100.0,27,0.7
2020,11,8,2,45,0,0,0,12.0,99.7,25,0.8
2020,11,8,3,45,0,0,0,11.5,99.3,23,1.0
2020,11,8,4,45,0,0,0,11.9,97.7,22,1.2
2020,11,8,5,45,0,0,0,12.4,95.8,24,1.4
2020,11,8,6,45,0,46,46,13.9,93.4,26,1.5
2020,11,8,7,45,137,159,207,15.2,91.6,29,1.3
2020,11,8,8,45,474,186,417,14.8,91.3,60,0.5
2020,11,8,9,45,732,159,602,16.6,82.9,171,0.6
2020,11,8,10,45,803,157,701,20.8,68.0,189,1.2
2020,11,8,11,45,767,179,715,23.0,61.3,194,1.6
2020,11,8,12,45,639,216,640,23.5,58.9,197,1.7
2020,11,8,13,45,675,166,552,24.0,57.0,197,1.7
2020,11,8,14,45,552,142,383,22.2,64.7,199,1.8
2020,11,8,15,45,338,95,186,20.2,74.9,205,1.7
2020,11,8,16,45,17,24,26,20.0,78.8,220,1.2
2020,11,8,17,45,0,0,0,20.0,79.5,251,0.8
2020,11,8,18,45,0,0,0,18.7,83.3,315,0.5
2020,11,8,19,45,0,0,0,16.5,90.3,7,0.7
2020,11,8,20,45,0,0,0,15.4,93.2,21,0.9
2020,11,8,21,45,0,0,0,14.5,96.2,18,0.8
2020,11,8,22,45,0,0,0,13.6,99.4,15,0.8
2020,11,8,23,45,0,0,0,13.3,99.7,14,0.8
2020,11,9,0,45,0,0,0,12.8,99.3,13,0.9
2020,11,9,1,45,0,0,0,12.3,99.7,15,1.0
2020,11,9,2,45,0,0,0,11.8,99.7,18,1.2
2020,11,9,3,45,0,0,0,11.2,99.3,21,1.3
2020,11,9,4,45,0,0,0,11.7,97.4,25,1.3
2020,11,9,5,45,0,0,0,12.2,95.5,25,1.3
2020,11,9,6,45,8,52,53,13.4,92.5,22,1.3
2020,11,9,7,45,282,136,228,15.2,88.1,17,1.2
2020,11,9,8,45,650,136,447,16.0,84.3,330,0.5
2020,11,9,9,45,751,151,601,19.6,69.8,246,0.8
2020,11,9,10,45,790,160,694,22.8,57.8,233,1.3
2020,11,9,11,45,845,140,727,22.8,57.2,225,1.6
2020,11,9,12,45,836,132,683,23.9,55.7,221,1.8
2020,11,9,13,45,784,125,571,25.0,53.8,219,1.9
2020,11,9,14,45,656,116,399,22.5,63.4,217,1.8
2020,11,9,15,45,456,81,200,20.0,75.8,213,1.4
2020,11,9,16,45,61,22,30,20.2,77.1,219,1.0
2020,11,9,17,45,0,0,0,20.9,74.8,249,0.6
2020,11,9,18,45,0,0,0,20.0,77.3,327,0.4
2020,11,9,19,45,0,0,0,17.1,85.8,8,0.7
2020,11,9,20,45,0,0,0,15.3,90.5,16,0.7
2020,11,9,21,45,0,0,0,14.6,92.2,20,0.7
2020,11,9,22,45,0,0,0,13.9,93.7,25,0.7
2020,11,9,23,45,0,0,0,13.8,94.3,27,0.7
2020,11,10,0,45,0,0,0,13.3,96.8,25,0.7
2020,11,10,1,45,0,0,0,12.7,98.1,22,0.8
2020,11,10,2,45,0,0,0,12.3,96.8,20,1.0
2020,11,10,3,45,0,0,0,12.0,95.8,22,1.2
2020,11,10,4,45,0,0,0,12.6,93.6,22,1.2
2020,11,10,5,45,0,0,0,13.1,91.8,22,1.2
2020,11,10,6,45,51,49,58,14.3,88.1,23,1.3
2020,11,10,7,45,478,101,252,15.9,82.9,20,1.2
2020,11,10,8,45,735,112,458,16.2,80.3,18,0.4
2020,11,10,9,45,805,129,609,19.7,69.0,204,0.7
2020,11,10,10,45,846,135,703,23.4,58.9,202,1.3
2020,11,10,11,45,883,122,733,23.4,57.9,199,1.7
2020,11,10,12,45,880,113,690,24.2,54.7,200,1.8
2020,11,10,13,45,843,104,580,25.1,51.8,201,1.6
2020,11,10,14,45,743,95,413,22.6,60.5,204,1.3
2020,11,10,15,45,522,73,209,20.2,71.6,205,0.9
2020,11,10,16,45,52,22,29,20.3,73.2,200,0.7
2020,11,10,17,45,0,0,0,20.6,71.9,235,0.4
2020,11,10,18,45,0,0,0,19.6,74.8,338,0.5
2020,11,10,19,45,0,0,0,17.3,80.7,4,0.8
2020,11,10,20,45,0,0,0,16.0,84.3,11,0.8
2020,11,10,21,45,0,0,0,15.1,88.4,17,0.7
2020,11,10,22,45,0,0,0,14.4,90.7,18,0.6
2020,11,10,23,45,0,0,0,13.9,91.9,18,0.6
2020,11,11,0,45,0,0,0,12.8,94.6,17,0.7
2020,11,11,1,45,0,0,0,12.2,95.8,20,0.7
2020,11,11,2,45,0,0,0,11.7,97.4,21,1.0
2020,11,11,3,45,0,0,0,11.4,98.7,22,1.2
2020,11,11,4,45,0,0,0,12.7,94.3,24,1.3
2020,11,11,5,45,0,0,0,13.9,91.0,24,1.3
2020,11,11,6,45,64,47,57,14.8,88.4,24,1.3
2020,11,11,7,45,507,95,253,16.2,83.0,21,1.1
2020,11,11,8,45,744,108,456,17.0,77.6,335,0.5
2020,11,11,9,45,829,119,610,20.2,64.6,224,0.7
2020,11,11,10,45,879,119,706,23.3,54.1,205,1.3
2020,11,11,11,45,938,94,740,23.5,52.4,197,1.7
2020,11,11,12,45,940,85,698,24.2,50.4,199,1.7
2020,11,11,13,45,901,81,587,24.9,49.3,205,1.5
2020,11,11,14,45,799,79,419,22.9,57.7,213,1.3
2020,11,11,15,45,618,60,216,20.7,69.0,216,1.1
2020,11,11,16,45,105,20,32,20.6,69.8,213,1.0
2020,11,11,17,45,0,0,0,21.0,65.8,221,0.6
2020,11,11,18,45,0,0,0,19.8,69.1,341,0.2
2020,11,11,19,45,0,0,0,17.1,78.4,27,0.6
2020,11,11,20,45,0,0,0,16.0,81.3,30,0.7
2020,11,11,21,45,0,0,0,15.4,83.1,32,0.8
2020,11,11,22,45,0,0,0,14.7,85.8,28,0.7
2020,11,11,23,45,0,0,0,14.3,87.2,25,0.7
2020,11,12,0,45,0,0,0,13.2,91.2,20,0.7
2020,11,12,1,45,0,0,0,12.3,95.2,15,0.8
2020,11,12,2,45,0,0,0,11.7,95.8,17,1.0
2020,11,12,3,45,0,0,0,11.2,95.5,21,1.3
2020,11,12,4,45,0,0,0,11.9,93.3,22,1.3
2020,11,12,5,45,0,0,0,12.6,90.9,22,1.3
2020,11,12,6,45,110,44,60,14.0,88.1,21,1.4
2020,11,12,7,45,608,77,264,15.8,81.6,16,1.3
2020,11,12,8,45,834,81,467,16.4,75.2,339,0.6
2020,11,12,9,45,900,89,619,19.6,60.9,240,0.7
2020,11,12,10,45,929,94,711,23.1,50.3,218,1.3
2020,11,12,11,45,928,99,735,23.2,50.8,211,1.7
2020,11,12,12,45,905,101,688,23.9,50.2,213,2.0
2020,11,12,13,45,852,99,576,24.5,49.7,219,2.0
2020,11,12,14,45,749,91,408,22.0,58.8,227,1.9
2020,11,12,15,45,560,66,207,19.7,70.1,230,1.6
2020,11,12,16,45,83,20,30,20.3,69.6,238,1.3
2020,11,12,17,45,0,0,0,21.2,65.2,268,1.1
2020,11,12,18,45,0,0,0,20.4,68.1,315,0.9
2020,11,12,19,45,0,0,0,17.7,77.7,345,1.0
2020,11,12,20,45,0,0,0,16.0,83.2,0,1.0
2020,11,12,21,45,0,0,0,15.3,85.0,10,0.9
2020,11,12,22,45,0,0,0,14.8,87.2,15,0.8
2020,11,12,23,45,0,0,0,14.6,88.1,18,0.8
2020,11,13,0,45,0,0,0,13.6,91.9,21,0.9
2020,11,13,1,45,0,0,0,12.5,96.1,16,0.9
2020,11,13,2,45,0,0,0,11.8,96.7,17,1.0
2020,11,13,3,45,0,0,0,11.0,96.7,21,1.2
2020,11,13,4,45,0,0,0,11.2,94.8,24,1.3
2020,11,13,5,45,0,0,0,11.6,92.7,23,1.1
2020,11,13,6,45,139,40,60,12.8,90.0,20,1.2
2020,11,13,7,45,628,75,263,15.0,83.7,14,1.0
2020,11,13,8,45,793,94,459,16.7,76.8,305,0.5
2020,11,13,9,45,866,105,612,19.6,64.4,232,1.0
2020,11,13,10,45,906,107,705,22.2,53.3,221,1.5
2020,11,13,11,45,919,105,731,22.8,51.6,220,1.8
2020,11,13,12,45,898,105,685,23.4,51.0,221,1.8
2020,11,13,13,45,847,102,573,24.0,50.7,222,1.8
2020,11,13,14,45,749,92,407,21.9,60.3,224,1.8
2020,11,13,15,45,548,68,205,19.7,72.4,221,1.6
2020,11,13,16,45,67,20,28,20.2,73.2,222,1.3
2020,11,13,17,45,0,0,0,20.8,71.0,248,1.2
2020,11,13,18,45,0,0,0,19.8,74.9,294,1.0
2020,11,13,19,45,0,0,0,17.2,85.3,335,1.1
2020,11,13,20,45,0,0,0,15.2,91.4,355,1.1
2020,11,13,21,45,0,0,0,14.1,92.8,0,1.0
2020,11,13,22,45,0,0,0,13.4,94.3,6,1.0
2020,11,13,23,45,0,0,0,13.4,95.5,15,1.0
2020,11,14,0,45,0,0,0,12.8,98.4,18,1.1
2020,11,14,1,45,0,0,0,12.2,99.7,20,1.2
2020,11,14,2,45,0,0,0,11.8,99.7,21,1.2
2020,11,14,3,45,0,0,0,11.1,100.0,23,1.3
2020,11,14,4,45,0,0,0,11.4,97.4,23,1.3
2020,11,14,5,45,0,0,0,12.0,94.2,24,1.4
2020,11,14,6,45,50,42,50,12.8,91.2,27,1.4
2020,11,14,7,45,440,102,234,14.6,87.2,32,1.1
2020,11,14,8,45,621,142,426,16.2,81.6,72,0.3
2020,11,14,9,45,710,165,578,18.7,69.4,215,0.9
2020,11,14,10,45,769,170,675,21.4,59.0,213,1.2
2020,11,14,11,45,847,142,716,22.0,56.1,206,1.4
2020,11,14,12,45,830,138,671,22.7,53.9,202,1.6
2020,11,14,13,45,770,132,558,23.5,52.8,204,1.7
2020,11,14,14,45,654,116,390,21.7,61.4,212,1.7
2020,11,14,15,45,441,80,190,19.5,72.2,213,1.4
2020,11,14,16,45,43,20,25,19.7,74.1,212,1.2
2020,11,14,17,45,0,0,0,20.0,73.2,218,0.8
2020,11,14,18,45,0,0,0,19.0,76.4,287,0.2
2020,11,14,19,45,0,0,0,16.9,87.3,18,0.5
2020,11,14,20,45,0,0,0,15.4,94.1,23,0.8
2020,11,14,21,45,0,0,0,14.4,95.3,28,0.9
2020,11,14,22,45,0,0,0,13.6,96.5,30,0.7
2020,11,14,23,45,0,0,0,13.5,96.5,25,0.6
2020,11,15,0,45,0,0,0,12.9,98.1,23,0.8
2020,11,15,1,45,0,0,0,12.4,99.3,27,1.0
2020,11,15,2,45,0,0,0,11.6,99.3,27,1.2
2020,11,15,3,45,0,0,0,10.8,99.7,28,1.3
2020,11,15,4,45,0,0,0,11.4,98.7,26,1.3
2020,11,15,5,45,0,0,0,12.0,97.1,25,1.3
2020,11,15,6,45,0,37,37,12.8,94.3,27,1.3
2020,11,15,7,45,245,128,207,14.4,90.1,28,1.2
2020,11,15,8,45,610,143,421,15.6,81.6,73,0.5
2020,11,15,9,45,710,164,574,19.2,63.2,192,0.9
2020,11,15,10,45,771,167,672,22.6,51.8,200,1.4
2020,11,15,11,45,913,108,724,22.8,51.2,204,1.7
2020,11,15,12,45,915,97,683,23.6,49.9,207,1.9
2020,11,15,13,45,864,96,571,24.2,48.6,208,1.8
2020,11,15,14,45,766,88,406,21.9,57.3,216,1.6
2020,11,15,15,45,543,68,202,19.5,68.7,220,1.2
2020,11,15,16,45,30,18,22,19.4,70.5,189,0.6
2020,11,15,17,45,0,0,0,19.1,73.0,82,0.4
2020,11,15,18,45,0,0,0,18.5,77.0,43,1.0
2020,11,15,19,45,0,0,0,17.2,80.2,18,0.9
2020,11,15,20,45,0,0,0,16.4,81.1,348,0.7
2020,11,15,21,45,0,0,0,16.2,81.3,349,0.8
2020,11,15,22,45,0,0,0,16.1,81.6,329,1.3
2020,11,15,23,45,0,0,0,16.2,81.1,328,1.6
2020,11,16,0,45,0,0,0,15.1,86.8,2,1.3
2020,11,16,1,45,0,0,0,14.2,88.7,45,1.7
2020,11,16,2,45,0,0,0,13.8,85.7,59,1.9
2020,11,16,3,45,0,0,0,13.2,86.0,57,1.8
2020,11,16,4,45,0,0,0,13.4,86.0,50,1.9
2020,11,16,5,45,0,0,0,13.1,85.7,39,1.9
2020,11,16,6,45,2,35,36,13.3,84.5,31,1.9
2020,11,16,7,45,308,112,206,14.4,83.8,26,1.7
2020,11,16,8,45,572,149,408,15.5,81.3,22,1.2
2020,11,16,9,45,678,172,562,18.0,68.0,66,0.4
2020,11,16,10,45,742,177,660,20.6,55.1,160,1.1
2020,11,16,11,45,905,110,718,21.2,52.9,165,1.9
2020,11,16,12,45,892,105,673,21.8,52.2,170,2.1
2020,11,16,13,45,862,94,567,22.6,51.7,179,1.7
2020,11,16,14,45,722,96,395,20.8,58.9,184,1.3
2020,11,16,15,45,486,73,192,18.8,67.9,196,0.8
2020,11,16,16,45,46,18,24,19.0,68.2,239,0.4
2020,11,16,17,45,0,0,0,19.5,65.9,333,0.4
2020,11,16,18,45,0,0,0,19.1,68.0,5,0.7
2020,11,16,19,45,0,0,0,17.0,75.1,3,0.9
2020,11,16,20,45,0,0,0,14.8,81.4,3,1.1
2020,11,16,21,45,0,0,0,13.9,83.2,0,1.1
2020,11,16,22,45,0,0,0,13.5,83.4,3,1.1
2020,11,16,23,45,0,0,0,13.5,82.6,7,1.2
2020,11,17,0,45,0,0,0,12.8,82.8,11,1.3
2020,11,17,1,45,0,0,0,11.9,84.4,15,1.4
2020,11,17,2,45,0,0,0,10.8,88.1,15,1.5
2020,11,17,3,45,0,0,0,10.2,91.3,15,1.5
2020,11,17,4,45,0,0,0,10.5,90.7,16,1.5
2020,11,17,5,45,0,0,0,10.9,89.9,16,1.5
2020,11,17,6,45,85,38,50,12.2,86.5,17,1.6
2020,11,17,7,45,536,85,242,14.4,81.4,13,1.5
2020,11,17,8,45,772,99,444,15.8,74.7,346,0.9
2020,11,17,9,45,858,109,599,17.8,60.5,280,0.8
2020,11,17,10,45,905,110,696,20.8,48.6,249,1.2
2020,11,17,11,45,940,98,726,22.1,45.9,240,1.7
2020,11,17,12,45,929,94,683,22.6,43.8,239,2.0
2020,11,17,13,45,886,89,572,23.2,41.9,244,2.2
2020,11,17,14,45,479,149,355,21.3,51.1,249,2.2
2020,11,17,15,45,195,115,160,19.3,63.3,247,1.8
2020,11,17,16,45,19,17,19,19.1,66.7,256,1.5
2020,11,17,17,45,0,0,0,19.0,66.4,279,1.6
2020,11,17,18,45,0,0,0,18.8,65.5,303,1.5
2020,11,17,19,45,0,0,0,16.8,70.8,326,1.3
2020,11,17,20,45,0,0,0,15.1,76.3,343,1.2
2020,11,17,21,45,0,0,0,14.2,79.0,355,1.1
2020,11,17,22,45,0,0,0,13.2,82.9,3,1.1
2020,11,17,23,45,0,0,0,12.9,83.7,9,1.0
2020,11,18,0,45,0,0,0,12.4,84.7,13,0.9
2020,11,18,1,45,0,0,0,12.0,85.5,16,0.9
2020,11,18,2,45,0,0,0,11.3,86.9,18,1.0
2020,11,18,3,45,0,0,0,10.4,88.9,18,0.9
2020,11,18,4,45,0,0,0,10.6,88.3,18,0.8
2020,11,18,5,45,0,0,0,10.9,86.9,16,0.7
2020,11,18,6,45,113,36,51,12.2,82.5,25,0.8
2020,11,18,7,45,588,76,246,14.0,77.1,33,0.8
2020,11,18,8,45,837,80,451,14.4,72.9,74,0.4
2020,11,18,9,45,910,89,606,16.0,64.4,183,0.6
2020,11,18,10,45,950,90,701,19.4,54.4,200,1.0
2020,11,18,11,45,965,87,728,21.0,50.9,209,1.3
2020,11,18,12,45,952,85,685,21.9,48.1,214,1.5
2020,11,18,13,45,912,80,575,22.6,46.0,216,1.6
2020,11,18,14,45,831,71,410,20.4,55.0,217,1.6
2020,11,18,15,45,633,56,207,18.2,67.4,216,1.4
2020,11,18,16,45,93,17,27,18.5,69.2,214,1.3
2020,11,18,17,45,0,0,0,19.1,65.8,224,1.2
2020,11,18,18,45,0,0,0,18.8,66.4,251,0.7
2020,11,18,19,45,0,0,0,16.8,74.2,305,0.4
2020,11,18,20,45,0,0,0,15.1,81.7,359,0.6
2020,11,18,21,45,0,0,0,14.0,85.8,12,0.7
2020,11,18,22,45,0,0,0,13.0,87.9,16,0.7
2020,11,18,23,45,0,0,0,12.8,87.9,18,0.8
2020,11,19,0,45,0,0,0,12.5,88.2,17,0.8
2020,11,19,1,45,0,0,0,12.2,88.8,13,0.9
2020,11,19,2,45,0,0,0,10.9,91.4,13,0.9
2020,11,19,3,45,0,0,0,9.7,93.5,15,1.0
2020,11,19,4,45,0,0,0,10.1,92.9,17,1.0
2020,11,19,5,45,0,0,0,10.5,92.3,18,1.0
2020,11,19,6,45,9,36,37,11.6,89.9,22,0.9
2020,11,19,7,45,271,117,197,13.4,82.7,31,0.7
2020,11,19,8,45,571,149,401,14.4,72.2,115,0.3
2020,11,19,9,45,657,180,551,17.3,55.6,189,0.7
2020,11,19,10,45,701,196,645,20.4,43.6,192,1.0
2020,11,19,11,45,614,237,644,20.8,41.8,198,1.3
2020,11,19,12,45,336,319,531,21.4,42.0,203,1.5
2020,11,19,13,45,151,317,399,22.0,42.9,210,1.8
2020,11,19,14,45,315,195,319,19.9,52.1,215,1.9
2020,11,19,15,45,313,93,168,17.7,64.4,216,1.6
2020,11,19,16,45,23,17,20,17.6,67.4,228,1.3
2020,11,19,17,45,0,0,0,17.8,64.4,263,1.1
2020,11,19,18,45,0,0,0,17.6,64.2,302,1.1
2020,11,19,19,45,0,0,0,16.0,68.7,339,1.1
2020,11,19,20,45,0,0,0,14.3,72.6,3,1.1
2020,11,19,21,45,0,0,0,12.9,76.9,11,1.1
2020,11,19,22,45,0,0,0,11.5,81.0,14,1.0
2020,11,19,23,45,0,0,0,11.0,82.6,11,1.0
2020,11,20,0,45,0,0,0,10.6,83.4,13,1.1
2020,11,20,1,45,0,0,0,10.4,83.6,16,1.1
2020,11,20,2,45,0,0,0,10.0,86.5,16,1.1
2020,11,20,3,45,0,0,0,9.5,89.4,18,1.2
2020,11,20,4,45,0,0,0,10.0,88.0,20,1.2
2020,11,20,5,45,0,0,0,10.4,87.1,21,1.1
2020,11,20,6,45,2,35,35,11.1,86.0,20,1.2
2020,11,20,7,45,252,121,197,12.5,85.9,18,1.2
2020,11,20,8,45,619,138,409,13.8,73.8,349,0.6
2020,11,20,9,45,714,162,563,16.8,56.4,260,0.6
2020,11,20,10,45,774,168,662,19.8,50.7,227,1.1
2020,11,20,11,45,751,182,677,20.2,50.5,217,1.5
2020,11,20,12,45,693,191,624,20.9,48.3,215,1.8
2020,11,20,13,45,745,141,542,21.7,46.4,217,2.0
2020,11,20,14,45,645,117,378,19.5,54.4,223,2.0
2020,11,20,15,45,403,82,180,17.4,66.8,229,1.7
2020,11,20,16,45,40,17,22,17.8,68.2,238,1.3
2020,11,20,17,45,0,0,0,18.4,64.6,265,1.2
2020,11,20,18,45,0,0,0,17.6,67.3,296,1.1
2020,11,20,19,45,0,0,0,15.1,74.3,332,0.9
2020,11,20,20,45,0,0,0,13.4,78.6,0,0.9
2020,11,20,21,45,0,0,0,12.4,82.5,10,0.9
2020,11,20,22,45,0,0,0,11.2,86.3,14,0.8
2020,11,20,23,45,0,0,0,10.9,87.2,14,0.8
2020,11,21,0,45,0,0,0,10.4,88.9,14,0.8
2020,11,21,1,45,0,0,0,10.0,90.4,14,0.8
2020,11,21,2,45,0,0,0,9.2,92.5,15,0.9
2020,11,21,3,45,0,0,0,8.6,94.4,18,1.0
2020,11,21,4,45,0,0,0,8.8,92.8,19,0.9
2020,11,21,5,45,0,0,0,9.0,90.6,24,0.9
2020,11,21,6,45,23,36,39,10.4,85.7,25,0.9
2020,11,21,7,45,335,112,208,12.6,78.0,27,0.8
2020,11,21,8,45,741,106,428,13.9,67.2,1,0.2
2020,11,21,9,45,820,123,581,16.2,54.4,214,0.7
2020,11,21,10,45,727,183,643,18.6,47.7,217,1.3
2020,11,21,11,45,459,293,595,18.8,48.3,220,1.6
2020,11,21,12,45,280,335,510,19.4,47.5,223,1.8
2020,11,21,13,45,243,291,422,20.4,46.8,233,1.8
2020,11,21,14,45,265,203,309,18.4,54.4,239,1.8
2020,11,21,15,45,207,107,157,16.2,66.3,234,1.6
2020,11,21,16,45,4,19,19,16.2,71.3,237,1.4
2020,11,21,17,45,0,0,0,17.0,68.7,255,1.4
2020,11,21,18,45,0,0,0,16.4,70.7,292,1.2
2020,11,21,19,45,0,0,0,13.6,78.4,325,1.2
2020,11,21,20,45,0,0,0,11.4,83.2,348,1.2
2020,11,21,21,45,0,0,0,10.5,86.6,3,1.2
2020,11,21,22,45,0,0,0,10.0,88.3,5,1.1
2020,11,21,23,45,0,0,0,10.2,87.4,6,1.0
2020,11,22,0,45,0,0,0,9.7,89.2,9,1.0
2020,11,22,1,45,0,0,0,9.0,92.5,14,1.0
2020,11,22,2,45,0,0,0,8.0,94.4,16,1.1
2020,11,22,3,45,0,0,0,7.3,95.0,15,1.1
2020,11,22,4,45,0,0,0,7.6,93.4,15,1.1
2020,11,22,5,45,0,0,0,8.0,91.2,15,1.1
2020,11,22,6,45,46,34,40,9.2,86.5,15,1.1
2020,11,22,7,45,427,96,217,11.3,80.4,8,1.0
2020,11,22,8,45,798,89,433,12.7,69.1,326,0.6
2020,11,22,9,45,884,98,588,15.5,55.1,251,0.7
2020,11,22,10,45,920,103,683,18.4,48.4,225,1.1
2020,11,22,11,45,929,104,711,18.7,48.0,225,1.6
2020,11,22,12,45,912,102,668,19.7,47.4,226,1.8
2020,11,22,13,45,861,98,558,20.7,47.2,224,1.7
2020,11,22,14,45,772,84,393,18.7,54.9,224,1.7
2020,11,22,15,45,418,80,179,16.6,66.2,224,1.6
2020,11,22,16,45,55,15,21,17.0,67.8,227,1.3
2020,11,22,17,45,0,0,0,17.4,63.7,256,1.0
2020,11,22,18,45,0,0,0,16.5,66.4,309,0.9
2020,11,22,19,45,0,0,0,13.6,77.2,349,0.8
2020,11,22,20,45,0,0,0,11.6,84.4,4,0.8
2020,11,22,21,45,0,0,0,11.0,85.7,10,0.9
2020,11,22,22,45,0,0,0,10.8,86.3,13,0.9
2020,11,22,23,45,0,0,0,10.9,84.9,11,0.8
2020,11,23,0,45,0,0,0,10.3,86.5,11,0.8
2020,11,23,1,45,0,0,0,9.7,87.4,14,0.8
2020,11,23,2,45,0,0,0,8.9,88.8,18,0.9
2020,11,23,3,45,0,0,0,8.0,90.9,22,1.1
2020,11,23,4,45,0,0,0,8.4,87.9,24,1.0
2020,11,23,5,45,0,0,0,8.9,85.2,28,0.9
2020,11,23,6,45,2,31,31,10.0,81.9,31,0.9
2020,11,23,7,45,0,100,100,11.8,78.9,41,0.9
2020,11,23,8,45,0,195,195,12.5,73.4,95,0.6
2020,11,23,9,45,174,286,388,15.6,60.5,153,1.0
2020,11,23,10,45,780,154,644,18.7,53.1,167,1.4
2020,11,23,11,45,656,210,637,18.8,53.3,178,1.5
2020,11,23,12,45,112,371,441,19.2,52.4,190,1.5
2020,11,23,13,45,15,329,337,19.8,51.3,201,1.4
2020,11,23,14,45,154,217,279,18.2,59.4,211,1.3
2020,11,23,15,45,67,106,126,16.6,67.9,214,1.3
2020,11,23,16,45,7,16,17,16.1,72.3,205,1.2
2020,11,23,17,45,0,0,0,16.0,75.2,215,0.8
2020,11,23,18,45,0,0,0,15.2,76.8,296,0.5
2020,11,23,19,45,0,0,0,12.8,84.3,356,0.9
2020,11,23,20,45,0,0,0,11.2,87.5,9,1.0
2020,11,23,21,45,0,0,0,11.1,86.6,14,0.8
2020,11,23,22,45,0,0,0,11.2,86.6,16,0.7
2020,11,23,23,45,0,0,0,11.0,86.3,16,0.7
2020,11,24,0,45,0,0,0,10.1,88.0,15,0.8
2020,11,24,1,45,0,0,0,9.4,90.0,16,0.9
2020,11,24,2,45,0,0,0,8.8,91.6,19,1.1
2020,11,24,3,45,0,0,0,8.1,92.5,21,1.1
2020,11,24,4,45,0,0,0,8.4,91.2,23,1.0
2020,11,24,5,45,0,0,0,8.8,89.7,24,0.9
2020,11,24,6,45,0,29,29,10.0,85.9,23,0.8
2020,11,24,7,45,234,114,182,11.9,81.9,30,0.7
2020,11,24,8,45,467,168,360,12.6,76.7,89,0.4
2020,11,24,9,45,357,253,455,16.0,63.0,183,0.7
2020,11,24,10,45,613,218,602,19.4,53.6,197,1.0
2020,11,24,11,45,533,259,604,19.5,53.5,201,1.3
2020,11,24,12,45,401,287,535,20.1,52.6,201,1.5
2020,11,24,13,45,580,187,491,20.6,52.0,203,1.6
2020,11,24,14,45,407,163,328,18.5,62.6,207,1.6
2020,11,24,15,45,57,111,128,16.3,74.2,202,1.3
2020,11,24,16,45,0,11,11,16.0,76.7,188,1.0
2020,11,24,17,45,0,0,0,16.1,77.9,173,0.6
2020,11,24,18,45,0,0,0,15.4,81.5,74,0.2
2020,11,24,19,45,0,0,0,13.2,88.3,17,0.5
2020,11,24,20,45,0,0,0,11.9,91.1,18,0.8
2020,11,24,21,45,0,0,0,11.2,92.6,18,0.8
2020,11,24,22,45,0,0,0,10.8,94.5,20,0.7
2020,11,24,23,45,0,0,0,10.6,95.1,25,0.8
2020,11,25,0,45,0,0,0,10.3,95.4,25,0.9
2020,11,25,1,45,0,0,0,10.4,94.5,25,0.9
2020,11,25,2,45,0,0,0,10.2,93.5,28,1.0
2020,11,25,3,45,0,0,0,10.0,93.2,27,1.0
2020,11,25,4,45,0,0,0,10.5,92.3,24,1.0
2020,11,25,5,45,0,0,0,11.0,91.1,25,0.9
2020,11,25,6,45,0,19,19,11.8,89.0,24,1.0
2020,11,25,7,45,0,95,95,12.6,88.5,24,1.1
2020,11,25,8,45,0,206,206,13.2,86.3,32,0.7
2020,11,25,9,45,0,224,224,16.1,72.5,156,0.2
2020,11,25,10,45,10,371,377,19.2,60.6,203,0.8
2020,11,25,11,45,58,337,374,19.8,57.4,204,1.1
2020,11,25,12,45,57,349,384,20.5,56.1,202,1.2
2020,11,25,13,45,359,245,437,21.2,55.7,202,1.2
2020,11,25,14,45,178,203,264,19.2,64.1,205,1.3
2020,11,25,15,45,199,96,150,17.0,74.6,205,1.3
2020,11,25,16,45,9,12,13,16.8,77.5,202,1.2
2020,11,25,17,45,0,0,0,17.1,77.8,215,0.8
2020,11,25,18,45,0,0,0,16.3,80.9,313,0.4
2020,11,25,19,45,0,0,0,14.1,88.4,9,0.9
2020,11,25,20,45,0,0,0,12.9,90.6,16,0.9
2020,11,25,21,45,0,0,0,12.8,89.7,18,0.8
2020,11,25,22,45,0,0,0,12.7,89.7,19,0.9
2020,11,25,23,45,0,0,0,12.4,90.0,19,1.1
2020,11,26,0,45,0,0,0,12.2,90.0,21,1.3
2020,11,26,1,45,0,0,0,11.9,90.2,20,1.4
2020,11,26,2,45,0,0,0,11.2,92.3,22,1.6
2020,11,26,3,45,0,0,0,10.6,93.5,25,1.5
2020,11,26,4,45,0,0,0,10.7,91.7,23,1.3
2020,11,26,5,45,0,0,0,10.7,89.8,22,1.1
2020,11,26,6,45,0,16,16,11.9,84.7,22,0.9
2020,11,26,7,45,0,76,76,13.4,81.5,14,0.8
2020,11,26,8,45,22,231,240,14.0,78.4,321,0.6
2020,11,26,9,45,37,323,344,17.0,65.3,267,0.9
2020,11,26,10,45,1,234,235,19.8,56.9,264,1.0
2020,11,26,11,45,0,338,338,20.0,55.1,261,1.0
2020,11,26,12,45,4,365,368,20.6,51.0,252,1.0
2020,11,26,13,45,58,298,326,21.0,49.4,250,1.0
2020,11,26,14,45,22,212,222,19.0,58.4,252,1.1
2020,11,26,15,45,0,88,88,17.1,70.8,265,1.1
2020,11,26,16,45,0,11,11,17.4,71.8,312,1.1
2020,11,26,17,45,0,0,0,17.8,68.6,342,1.3
2020,11,26,18,45,0,0,0,17.4,68.5,347,1.3
2020,11,26,19,45,0,0,0,16.2,71.3,349,1.3
2020,11,26,20,45,0,0,0,15.3,72.6,358,1.2
2020,11,26,21,45,0,0,0,14.7,72.2,10,1.1
2020,11,26,22,45,0,0,0,14.0,71.9,17,1.2
2020,11,26,23,45,0,0,0,13.3,71.7,18,1.3
2020,11,27,0,45,0,0,0,12.4,72.3,19,1.4
2020,11,27,1,45,0,0,0,11.9,69.5,21,1.4
2020,11,27,2,45,0,0,0,10.3,72.7,20,1.4
2020,11,27,3,45,0,0,0,8.8,78.1,20,1.5
2020,11,27,4,45,0,0,0,9.0,75.8,22,1.6
2020,11,27,5,45,0,0,0,9.4,72.5,25,1.7
2020,11,27,6,45,51,27,33,10.6,69.0,24,1.6
2020,11,27,7,45,486,82,209,12.2,71.1,21,1.6
2020,11,27,8,45,714,110,406,14.2,64.9,8,1.2
2020,11,27,9,45,806,127,562,18.2,47.7,322,0.7
2020,11,27,10,45,859,131,661,21.5,39.4,262,0.9
2020,11,27,11,45,931,105,701,21.7,39.3,238,1.3
2020,11,27,12,45,926,98,661,22.6,37.2,230,1.6
2020,11,27,13,45,875,94,552,23.5,35.4,228,1.8
2020,11,27,14,45,783,83,390,20.8,47.3,225,1.7
2020,11,27,15,45,575,60,191,18.2,63.5,219,1.4
2020,11,27,16,45,74,15,23,18.4,66.5,221,0.9
2020,11,27,17,45,0,0,0,18.8,62.8,260,0.6
2020,11,27,18,45,0,0,0,17.6,66.0,331,0.7
2020,11,27,19,45,0,0,0,15.0,75.0,360,1.0
2020,11,27,20,45,0,0,0,13.8,76.8,5,1.1
2020,11,27,21,45,0,0,0,13.1,77.5,8,1.1
2020,11,27,22,45,0,0,0,12.4,77.9,13,1.1
2020,11,27,23,45,0,0,0,12.4,76.3,18,1.0
2020,11,28,0,45,0,0,0,11.8,76.5,17,1.0
2020,11,28,1,45,0,0,0,11.1,76.9,13,1.1
2020,11,28,2,45,0,0,0,10.2,78.6,12,1.2
2020,11,28,3,45,0,0,0,9.3,79.9,14,1.3
2020,11,28,4,45,0,0,0,9.4,76.6,16,1.3
2020,11,28,5,45,0,0,0,9.5,73.5,18,1.3
2020,11,28,6,45,123,23,37,10.9,69.3,18,1.3
2020,11,28,7,45,632,61,222,12.6,70.4,18,1.3
2020,11,28,8,45,853,71,423,13.9,65.7,18,0.8
2020,11,28,9,45,929,80,578,16.9,48.8,227,0.2
2020,11,28,10,45,962,84,674,19.8,40.5,206,0.9
2020,11,28,11,45,967,86,702,20.5,41.7,212,1.4
2020,11,28,12,45,944,87,660,21.2,41.8,217,1.6
2020,11,28,13,45,900,83,553,22.0,41.0,225,1.6
2020,11,28,14,45,803,76,390,19.8,51.3,234,1.4
2020,11,28,15,45,589,57,191,17.8,64.9,238,1.2
2020,11,28,16,45,61,15,22,18.0,66.0,251,1.2
2020,11,28,17,45,0,0,0,17.9,65.3,294,1.1
2020,11,28,18,45,0,0,0,16.5,69.3,343,1.2
2020,11,28,19,45,0,0,0,14.4,74.1,358,1.2
2020,11,28,20,45,0,0,0,13.2,74.4,3,1.0
2020,11,28,21,45,0,0,0,12.8,73.4,7,0.9
2020,11,28,22,45,0,0,0,12.1,74.5,8,0.8
2020,11,28,23,45,0,0,0,11.7,75.4,9,0.7
2020,11,29,0,45,0,0,0,11.2,75.9,14,0.6
2020,11,29,1,45,0,0,0,10.8,76.3,21,0.7
2020,11,29,2,45,0,0,0,10.0,78.9,24,0.9
2020,11,29,3,45,0,0,0,9.6,80.4,20,1.0
2020,11,29,4,45,0,0,0,10.0,78.1,17,1.0
2020,11,29,5,45,0,0,0,10.4,76.0,17,1.0
2020,11,29,6,45,66,24,31,11.4,74.1,20,1.0
2020,11,29,7,45,468,80,201,12.8,75.1,20,1.0
2020,11,29,8,45,757,93,402,13.8,71.7,5,0.6
2020,11,29,9,45,844,106,557,16.7,58.6,230,0.3
2020,11,29,10,45,892,109,654,19.7,50.9,205,0.8
2020,11,29,11,45,909,108,685,20.2,50.9,206,1.1
2020,11,29,12,45,889,108,645,21.3,50.0,211,1.3
2020,11,29,13,45,842,101,539,22.5,49.1,216,1.4
2020,11,29,14,45,747,88,379,20.0,59.3,222,1.4
2020,11,29,15,45,523,64,183,17.6,71.3,223,1.3
2020,11,29,16,45,64,15,22,18.3,69.7,232,1.1
2020,11,29,17,45,0,0,0,19.1,65.6,276,0.9
2020,11,29,18,45,0,0,0,17.6,70.5,329,1.0
2020,11,29,19,45,0,0,0,14.5,81.2,346,1.2
2020,11,29,20,45,0,0,0,12.9,84.8,356,1.3
2020,11,29,21,45,0,0,0,12.4,85.3,2,1.2
2020,11,29,22,45,0,0,0,11.9,86.7,8,1.1
2020,11,29,23,45,0,0,0,11.8,85.8,13,0.9
2020,11,30,0,45,0,0,0,11.3,86.0,15,0.8
2020,11,30,1,45,0,0,0,11.0,86.6,18,0.8
2020,11,30,2,45,0,0,0,10.5,86.8,18,0.9
2020,11,30,3,45,0,0,0,9.8,88.0,19,1.1
2020,11,30,4,45,0,0,0,9.5,88.8,22,1.1
2020,11,30,5,45,0,0,0,9.3,89.1,22,1.1
2020,11,30,6,45,52,23,29,10.0,88.0,22,1.1
2020,11,30,7,45,467,78,196,12.0,85.8,20,1.0
2020,11,30,8,45,702,103,388,14.3,77.3,343,0.5
2020,11,30,9,45,794,120,541,18.1,58.5,238,0.6
2020,11,30,10,45,838,128,638,20.8,49.3,218,1.1
2020,11,30,11,45,848,131,668,20.6,51.1,213,1.4
2020,11,30,12,45,817,134,626,21.3,49.7,212,1.6
2020,11,30,13,45,749,130,519,22.0,48.7,214,1.6
2020,11,30,14,45,624,114,357,19.7,59.6,217,1.5
2020,11,30,15,45,383,77,166,17.5,72.7,218,1.2
2020,11,30,16,45,23,15,17,18.0,73.1,221,1.1
2020,11,30,17,45,0,0,0,18.4,71.2,254,0.7
2020,11,30,18,45,0,0,0,17.0,75.4,326,0.7
2020,11,30,19,45,0,0,0,14.5,83.6,350,0.9
2020,11,30,20,45,0,0,0,13.4,87.1,357,0.9
2020,11,30,21,45,0,0,0,12.8,87.9,0,0.8
2020,11,30,22,45,0,0,0,12.4,89.1,4,0.7
2020,11,30,23,45,0,0,0,12.5,87.9,8,0.8
2020,12,1,0,45,0,0,0,11.8,88.4,11,0.8
2020,12,1,1,45,0,0,0,11.2,90.2,20,0.7
2020,12,1,2,45,0,0,0,10.6,91.4,22,0.9
2020,12,1,3,45,0,0,0,10.0,92.3,23,1.1
2020,12,1,4,45,0,0,0,10.3,91.3,23,1.1
2020,12,1,5,45,0,0,0,10.5,90.4,22,1.1
2020,12,1,6,45,3,22,23,11.7,87.9,24,1.1
2020,12,1,7,45,243,100,165,13.3,85.4,29,1.0
2020,12,1,8,45,576,128,361,13.8,82.4,73,0.5
2020,12,1,9,45,681,153,513,17.0,71.2,170,0.7
2020,12,1,10,45,745,160,612,20.1,62.2,185,1.2
2020,12,1,11,45,808,143,652,20.2,61.2,192,1.4
2020,12,1,12,45,805,134,617,21.0,58.5,200,1.5
2020,12,1,13,45,752,125,514,21.9,56.1,206,1.5
2020,12,1,14,45,668,101,361,19.6,65.5,208,1.5
2020,12,1,15,45,447,69,171,17.3,75.6,210,1.3
2020,12,1,16,45,32,15,18,17.4,76.9,214,1.2
2020,12,1,17,45,0,0,0,17.7,77.2,246,0.8
2020,12,1,18,45,0,0,0,17.1,80.2,309,0.7
2020,12,1,19,45,0,0,0,15.0,87.9,340,0.9
2020,12,1,20,45,0,0,0,13.5,91.5,354,1.0
2020,12,1,21,45,0,0,0,12.8,92.1,3,1.0
2020,12,1,22,45,0,0,0,12.3,92.7,7,0.9
2020,12,1,23,45,0,0,0,12.4,92.1,7,0.8
2020,12,2,0,45,0,0,0,12.0,91.8,8,0.8
2020,12,2,1,45,0,0,0,11.6,91.7,8,0.7
2020,12,2,2,45,0,0,0,10.9,92.6,6,0.9
2020,12,2,3,45,0,0,0,10.2,93.5,8,1.1
2020,12,2,4,45,0,0,0,10.6,93.2,13,1.3
2020,12,2,5,45,0,0,0,11.0,92.3,18,1.6
2020,12,2,6,45,7,22,23,12.0,90.8,21,1.8
2020,12,2,7,45,307,92,172,13.2,90.6,22,1.6
2020,12,2,8,45,622,119,369,13.8,90.4,11,0.7
2020,12,2,9,45,727,140,522,15.1,82.6,242,0.5
2020,12,2,10,45,790,145,622,18.6,68.7,225,1.3
2020,12,2,11,45,853,126,662,21.2,61.3,225,1.7
2020,12,2,12,45,838,123,625,21.6,58.8,227,1.9
2020,12,2,13,45,777,118,520,21.8,57.7,229,2.0
2020,12,2,14,45,647,107,359,19.6,67.7,223,1.9
2020,12,2,15,45,406,75,167,17.4,78.6,215,1.6
2020,12,2,16,45,35,15,19,17.8,78.7,209,1.4
2020,12,2,17,45,0,0,0,18.2,77.7,209,1.0
2020,12,2,18,45,0,0,0,17.2,81.0,241,0.4
2020,12,2,19,45,0,0,0,14.8,89.6,303,0.5
2020,12,2,20,45,0,0,0,13.4,94.6,345,0.6
2020,12,2,21,45,0,0,0,13.2,94.9,9,0.7
2020,12,2,22,45,0,0,0,12.6,95.5,26,0.7
2020,12,2,23,45,0,0,0,12.8,94.9,34,0.7
2020,12,3,0,45,0,0,0,12.4,94.2,36,0.7
2020,12,3,1,45,0,0,0,12.2,93.6,36,0.7
2020,12,3,2,45,0,0,0,11.9,94.2,28,0.7
2020,12,3,3,45,0,0,0,11.4,95.1,27,0.8
2020,12,3,4,45,0,0,0,11.9,93.9,28,0.9
2020,12,3,5,45,0,0,0,12.0,93.3,25,0.9
2020,12,3,6,45,3,21,21,13.2,91.2,23,1.0
2020,12,3,7,45,268,94,164,13.8,88.9,25,0.8
2020,12,3,8,45,552,132,352,13.3,89.1,90,0.4
2020,12,3,9,45,659,159,504,16.0,78.5,161,0.8
2020,12,3,10,45,720,169,603,18.8,67.3,172,1.1
2020,12,3,11,45,788,152,645,18.8,65.9,184,1.3
2020,12,3,12,45,694,175,590,19.8,62.6,200,1.4
2020,12,3,13,45,686,146,501,20.9,60.0,208,1.7
2020,12,3,14,45,544,130,341,18.7,70.2,208,1.7
2020,12,3,15,45,387,76,164,16.5,80.8,206,1.4
2020,12,3,16,45,24,15,17,16.6,82.2,200,1.2
2020,12,3,17,45,0,0,0,16.8,83.6,190,0.8
2020,12,3,18,45,0,0,0,16.0,84.6,229,0.2
2020,12,3,19,45,0,0,0,14.4,89.3,350,0.4
2020,12,3,20,45,0,0,0,13.4,92.1,0,0.6
2020,12,3,21,45,0,0,0,13.2,92.4,0,0.8
2020,12,3,22,45,0,0,0,12.8,93.6,4,0.8
2020,12,3,23,45,0,0,0,12.9,93.6,8,0.7
2020,12,4,0,45,0,0,0,12.5,94.9,13,0.7
2020,12,4,1,45,0,0,0,12.0,96.4,18,0.6
2020,12,4,2,45,0,0,0,11.1,97.4,22,0.8
2020,12,4,3,45,0,0,0,10.3,97.7,20,1.0
2020,12,4,4,45,0,0,0,10.6,96.1,15,1.0
2020,12,4,5,45,0,0,0,10.9,94.8,13,0.9
2020,12,4,6,45,4,20,20,12.0,93.3,17,0.8
2020,12,4,7,45,195,104,156,12.9,91.2,23,0.7
2020,12,4,8,45,603,119,359,12.6,90.3,118,0.3
2020,12,4,9,45,746,129,518,15.5,80.2,189,0.9
2020,12,4,10,45,795,138,615,18.5,69.4,201,1.4
2020,12,4,11,45,760,159,634,18.4,68.3,210,1.7
2020,12,4,12,45,501,241,540,18.9,67.1,215,1.8
2020,12,4,13,45,314,252,416,19.7,65.3,216,1.8
2020,12,4,14,45,98,219,258,18.0,73.5,218,1.8
2020,12,4,15,45,150,105,136,16.2,82.9,222,1.5
2020,12,4,16,45,14,14,16,16.0,85.4,225,0.9
2020,12,4,17,45,0,0,0,16.1,87.1,233,0.6
2020,12,4,18,45,0,0,0,16.0,87.9,306,0.3
2020,12,4,19,45,0,0,0,14.6,92.5,23,0.5
2020,12,4,20,45,0,0,0,13.7,95.5,22,0.5
2020,12,4,21,45,0,0,0,13.2,96.5,11,0.5
2020,12,4,22,45,0,0,0,12.5,97.7,10,0.6
2020,12,4,23,45,0,0,0,12.5,97.1,14,0.6
2020,12,5,0,45,0,0,0,12.4,96.8,20,0.6
2020,12,5,1,45,0,0,0,12.2,96.4,22,0.5
2020,12,5,2,45,0,0,0,11.1,96.7,10,0.6
2020,12,5,3,45,0,0,0,10.2,97.4,11,0.8
2020,12,5,4,45,0,0,0,10.6,96.7,21,0.9
2020,12,5,5,45,0,0,0,11.0,96.1,24,0.9
2020,12,5,6,45,0,19,19,12.0,95.2,25,0.9
2020,12,5,7,45,218,95,152,12.9,92.7,19,0.9
2020,12,5,8,45,499,141,337,13.2,89.2,355,0.4
2020,12,5,9,45,589,178,484,16.0,76.4,213,0.5
2020,12,5,10,45,641,197,580,18.8,65.1,216,1.0
2020,12,5,11,45,735,173,631,19.1,63.0,223,1.3
2020,12,5,12,45,707,172,593,20.0,59.6,226,1.5
2020,12,5,13,45,633,163,488,20.8,56.9,233,1.5
2020,12,5,14,45,562,125,342,18.8,65.1,238,1.4
2020,12,5,15,45,338,80,157,16.9,73.8,236,1.3
2020,12,5,16,45,18,14,16,17.2,73.9,235,1.0
2020,12,5,17,45,0,0,0,17.2,74.9,272,0.7
2020,12,5,18,45,0,0,0,16.2,79.5,335,0.7
2020,12,5,19,45,0,0,0,13.8,88.1,3,0.9
2020,12,5,20,45,0,0,0,12.3,92.1,9,1.0
2020,12,5,21,45,0,0,0,11.8,91.4,6,0.9
2020,12,5,22,45,0,0,0,11.5,91.4,7,0.9
2020,12,5,23,45,0,0,0,11.4,91.7,10,0.9
2020,12,6,0,45,0,0,0,11.0,93.2,13,0.9
2020,12,6,1,45,0,0,0,10.8,93.5,12,1.0
2020,12,6,2,45,0,0,0,10.2,95.1,13,1.1
2020,12,6,3,45,0,0,0,9.6,97.0,18,1.2
2020,12,6,4,45,0,0,0,10.0,95.1,18,1.2
2020,12,6,5,45,0,0,0,10.2,93.5,16,1.1
2020,12,6,6,45,0,18,18,10.8,91.7,20,1.0
2020,12,6,7,45,233,93,152,12.1,90.2,21,1.0
2020,12,6,8,45,527,134,341,13.0,83.5,355,0.5
2020,12,6,9,45,645,161,495,16.2,67.4,246,0.6
2020,12,6,10,45,725,167,599,19.5,57.9,237,1.2
2020,12,6,11,45,834,133,651,19.8,57.2,239,1.6
2020,12,6,12,45,820,129,616,20.9,54.2,241,1.9
2020,12,6,13,45,755,125,512,21.9,52.2,243,2.1
2020,12,6,14,45,645,107,356,19.4,64.3,245,2.0
2020,12,6,15,45,405,74,166,17.0,77.8,246,1.7
2020,12,6,16,45,25,15,18,16.8,78.8,256,1.2
2020,12,6,17,45,0,0,0,16.3,80.8,298,0.9
2020,12,6,18,45,0,0,0,15.4,83.7,342,1.0
2020,12,6,19,45,0,0,0,14.3,86.1,353,1.2
2020,12,6,20,45,0,0,0,13.4,86.8,349,1.3
2020,12,6,21,45,0,0,0,13.0,86.8,349,1.3
2020,12,6,22,45,0,0,0,12.5,87.3,355,1.3
2020,12,6,23,45,0,0,0,12.2,86.7,2,1.2
2020,12,7,0,45,0,0,0,11.5,86.9,7,1.2
2020,12,7,1,45,0,0,0,11.2,87.5,11,1.1
2020,12,7,2,45,0,0,0,10.5,88.9,17,1.3
2020,12,7,3,45,0,0,0,9.7,90.7,22,1.6
2020,12,7,4,45,0,0,0,9.6,89.8,23,1.5
2020,12,7,5,45,0,0,0,9.6,88.5,24,1.4
2020,12,7,6,45,6,18,19,10.5,86.3,23,1.3
2020,12,7,7,45,270,91,158,12.1,84.4,24,1.3
2020,12,7,8,45,607,118,355,13.5,79.7,39,0.7
2020,12,7,9,45,725,138,510,16.7,67.6,176,0.4
2020,12,7,10,45,780,147,610,19.0,60.8,206,1.0
2020,12,7,11,45,817,141,647,18.8,61.7,210,1.4
2020,12,7,12,45,795,139,610,19.8,61.3,212,1.6
2020,12,7,13,45,727,134,506,20.7,61.2,216,1.6
2020,12,7,14,45,524,132,337,18.8,70.8,222,1.6
2020,12,7,15,45,176,100,142,16.9,82.0,220,1.4
2020,12,7,16,45,17,15,16,17.6,81.0,214,1.1
2020,12,7,17,45,0,0,0,17.8,79.7,230,0.6
2020,12,7,18,45,0,0,0,16.6,84.1,327,0.4
2020,12,7,19,45,0,0,0,14.6,90.5,8,0.7
2020,12,7,20,45,0,0,0,13.1,94.3,12,0.7
2020,12,7,21,45,0,0,0,12.8,94.6,8,0.7
2020,12,7,22,45,0,0,0,12.8,94.0,8,0.7
2020,12,7,23,45,0,0,0,12.8,93.3,16,0.7
2020,12,8,0,45,0,0,0,12.3,94.9,25,0.8
2020,12,8,1,45,0,0,0,11.6,96.1,25,0.9
2020,12,8,2,45,0,0,0,10.8,96.7,22,1.1
2020,12,8,3,45,0,0,0,10.3,97.4,21,1.3
2020,12,8,4,45,0,0,0,10.3,96.7,21,1.5
2020,12,8,5,45,0,0,0,10.2,96.4,23,1.7
2020,12,8,6,45,48,15,20,10.5,95.8,25,1.8
2020,12,8,7,45,361,79,161,11.6,94.8,27,1.6
2020,12,8,8,45,571,122,343,13.0,92.4,24,0.8
2020,12,8,9,45,687,146,497,15.6,83.5,255,0.3
2020,12,8,10,45,728,163,593,18.0,73.8,225,1.1
2020,12,8,11,45,659,199,607,18.7,70.4,230,1.5
2020,12,8,12,45,529,232,545,19.8,68.1,233,1.8
2020,12,8,13,45,339,242,420,20.6,66.7,235,1.9
2020,12,8,14,45,27,221,233,18.9,74.0,240,1.9
2020,12,8,15,45,0,101,101,17.1,84.2,237,1.6
2020,12,8,16,45,0,14,14,17.4,86.1,230,1.3
2020,12,8,17,45,0,0,0,17.9,84.5,249,0.8
2020,12,8,18,45,0,0,0,17.0,87.5,315,0.5
2020,12,8,19,45,0,0,0,14.8,93.8,3,0.7
2020,12,8,20,45,0,0,0,13.5,96.2,13,0.9
2020,12,8,21,45,0,0,0,13.0,96.1,13,0.9
2020,12,8,22,45,0,0,0,12.2,97.1,14,0.8
2020,12,8,23,45,0,0,0,11.7,97.7,16,0.7
2020,12,9,0,45,0,0,0,10.9,98.4,16,0.7
2020,12,9,1,45,0,0,0,10.4,98.3,16,0.7
2020,12,9,2,45,0,0,0,10.5,96.7,20,1.0
2020,12,9,3,45,0,0,0,10.6,95.8,20,1.4
2020,12,9,4,45,0,0,0,10.7,95.4,21,1.7
2020,12,9,5,45,0,0,0,10.8,95.1,23,1.8
2020,12,9,6,45,2,17,18,11.1,94.8,24,1.7
2020,12,9,7,45,287,88,157,12.2,92.7,23,1.5
2020,12,9,8,45,589,120,346,13.6,88.6,11,0.8
2020,12,9,9,45,660,154,490,16.0,80.3,272,0.4
2020,12,9,10,45,682,178,580,17.8,73.3,231,1.0
2020,12,9,11,45,611,212,589,17.8,71.1,228,1.4
2020,12,9,12,45,587,209,555,19.0,66.7,230,1.6
2020,12,9,13,45,763,122,510,20.0,63.4,233,1.7
2020,12,9,14,45,664,102,359,18.3,72.8,235,1.8
2020,12,9,15,45,362,80,164,16.6,84.4,233,1.5
2020,12,9,16,45,8,14,15,17.2,86.1,227,1.0
2020,12,9,17,45,0,0,0,17.0,88.6,245,0.5
2020,12,9,18,45,0,0,0,15.6,92.9,360,0.4
2020,12,9,19,45,0,0,0,14.5,95.6,23,0.8
2020,12,9,20,45,0,0,0,13.9,95.9,17,0.8
2020,12,9,21,45,0,0,0,13.6,95.9,11,0.8
2020,12,9,22,45,0,0,0,13.2,96.5,7,0.8
2020,12,9,23,45,0,0,0,13.0,96.1,9,0.9
2020,12,10,0,45,0,0,0,12.9,96.1,11,1.0
2020,12,10,1,45,0,0,0,12.4,95.8,13,1.1
2020,12,10,2,45,0,0,0,12.1,94.5,16,1.3
2020,12,10,3,45,0,0,0,12.3,93.3,19,1.4
2020,12,10,4,45,0,0,0,12.4,93.0,20,1.4
2020,12,10,5,45,0,0,0,12.6,92.7,20,1.4
2020,12,10,6,45,44,16,20,13.0,91.5,22,1.3
2020,12,10,7,45,407,77,169,13.6,89.8,22,1.2
2020,12,10,8,45,658,106,357,14.4,84.1,353,0.6
2020,12,10,9,45,737,130,504,16.3,73.1,244,0.6
2020,12,10,10,45,758,150,595,18.0,64.5,229,1.1
2020,12,10,11,45,793,144,632,18.0,62.8,226,1.4
2020,12,10,12,45,746,153,592,18.9,61.6,228,1.6
2020,12,10,13,45,757,123,509,20.0,60.8,231,1.7
2020,12,10,14,45,531,131,340,18.0,69.5,235,1.7
2020,12,10,15,45,301,93,160,16.0,81.3,231,1.4
2020,12,10,16,45,26,17,19,16.8,82.8,216,0.8
2020,12,10,17,45,0,0,0,16.6,83.6,264,0.3
2020,12,10,18,45,0,0,0,15.1,88.1,10,0.6
2020,12,10,19,45,0,0,0,14.0,91.9,16,0.7
2020,12,10,20,45,0,0,0,13.3,93.7,15,0.8
2020,12,10,21,45,0,0,0,12.6,93.9,13,0.9
2020,12,10,22,45,0,0,0,11.7,94.8,15,1.0
2020,12,10,23,45,0,0,0,11.2,94.2,16,1.1
2020,12,11,0,45,0,0,0,10.6,94.2,13,1.1
2020,12,11,1,45,0,0,0,10.3,93.8,12,1.2
2020,12,11,2,45,0,0,0,10.2,93.5,17,1.4
2020,12,11,3,45,0,0,0,9.9,93.8,20,1.5
2020,12,11,4,45,0,0,0,10.2,93.2,20,1.5
2020,12,11,5,45,0,0,0,10.6,92.0,20,1.5
2020,12,11,6,45,51,15,20,11.2,88.7,20,1.4
2020,12,11,7,45,499,63,176,12.4,86.7,18,1.3
2020,12,11,8,45,439,144,298,13.6,80.0,358,0.9
2020,12,11,9,45,0,215,215,15.8,63.6,300,0.7
2020,12,11,10,45,0,241,241,17.8,53.8,256,1.0
2020,12,11,11,45,0,233,233,18.1,52.9,239,1.5
2020,12,11,12,45,0,186,186,18.2,53.9,236,1.8
2020,12,11,13,45,0,134,134,17.8,57.2,237,1.7
2020,12,11,14,45,0,108,108,16.4,66.4,229,1.3
2020,12,11,15,45,0,81,81,15.3,76.6,210,1.0
2020,12,11,16,45,0,11,11,15.6,79.1,189,1.0
2020,12,11,17,45,0,0,0,15.6,79.7,160,0.5
2020,12,11,18,45,0,0,0,14.9,82.5,50,0.4
2020,12,11,19,45,0,0,0,13.8,86.9,31,0.6
2020,12,11,20,45,0,0,0,13.0,88.2,27,0.6
2020,12,11,21,45,0,0,0,12.5,86.2,22,0.5
2020,12,11,22,45,0,0,0,12.3,84.7,15,0.6
2020,12,11,23,45,0,0,0,12.0,84.7,9,0.7
2020,12,12,0,45,0,0,0,11.0,86.9,10,0.9
2020,12,12,1,45,0,0,0,10.0,89.8,11,1.0
2020,12,12,2,45,0,0,0,9.4,92.5,15,1.1
2020,12,12,3,45,0,0,0,9.2,94.1,21,1.3
2020,12,12,4,45,0,0,0,9.4,94.4,22,1.2
2020,12,12,5,45,0,0,0,9.6,94.4,19,1.1
2020,12,12,6,45,0,14,14,10.3,92.9,18,1.2
2020,12,12,7,45,141,98,133,11.4,89.6,18,1.3
2020,12,12,8,45,496,134,324,12.8,78.9,10,1.0
2020,12,12,9,45,662,151,485,15.4,65.3,321,0.5
2020,12,12,10,45,647,191,568,17.2,58.2,255,0.7
2020,12,12,11,45,496,254,558,17.3,56.8,241,1.1
2020,12,12,12,45,154,249,342,17.8,55.0,241,1.5
2020,12,12,13,45,0,121,121,18.2,55.5,246,1.9
2020,12,12,14,45,6,166,168,16.5,67.5,254,1.8
2020,12,12,15,45,29,79,84,14.9,79.1,266,1.4
2020,12,12,16,45,8,15,16,14.7,82.8,287,1.2
2020,12,12,17,45,0,0,0,14.6,83.6,313,1.3
2020,12,12,18,45,0,0,0,14.6,81.9,334,1.3
2020,12,12,19,45,0,0,0,13.4,84.0,346,1.2
2020,12,12,20,45,0,0,0,12.5,85.3,353,1.2
2020,12,12,21,45,0,0,0,12.0,85.0,357,1.1
2020,12,12,22,45,0,0,0,11.3,86.9,5,1.2
2020,12,12,23,45,0,0,0,11.0,88.1,11,1.3
2020,12,13,0,45,0,0,0,10.4,88.3,13,1.4
2020,12,13,1,45,0,0,0,9.6,88.5,12,1.5
2020,12,13,2,45,0,0,0,8.9,87.6,13,1.6
2020,12,13,3,45,0,0,0,8.5,86.9,14,1.6
2020,12,13,4,45,0,0,0,8.4,87.5,16,1.6
2020,12,13,5,45,0,0,0,8.3,87.2,18,1.6
2020,12,13,6,45,25,14,17,8.6,85.2,18,1.6
2020,12,13,7,45,411,72,164,10.0,82.5,15,1.5
2020,12,13,8,45,685,102,359,12.4,75.9,351,1.0
2020,12,13,9,45,798,119,520,15.4,63.2,280,0.9
2020,12,13,10,45,857,124,625,17.5,54.4,250,1.6
2020,12,13,11,45,927,103,671,18.0,53.6,245,2.0
2020,12,13,12,45,923,98,639,18.9,51.2,244,2.2
2020,12,13,13,45,876,94,540,19.6,49.7,245,2.3
2020,12,13,14,45,803,78,386,17.4,58.6,246,2.2
2020,12,13,15,45,602,58,193,15.3,70.0,246,1.7
2020,12,13,16,45,72,16,24,15.4,74.1,250,1.4
2020,12,13,17,45,0,0,0,15.7,73.6,268,1.4
2020,12,13,18,45,0,0,0,15.6,74.3,296,1.2
2020,12,13,19,45,0,0,0,14.1,79.8,322,1.0
2020,12,13,20,45,0,0,0,12.5,85.0,344,0.9
2020,12,13,21,45,0,0,0,11.2,89.0,360,1.1
2020,12,13,22,45,0,0,0,10.4,92.0,5,1.1
2020,12,13,23,45,0,0,0,10.4,92.3,6,1.0
2020,12,14,0,45,0,0,0,10.3,93.8,3,0.9
2020,12,14,1,45,0,0,0,10.0,96.1,3,1.0
2020,12,14,2,45,0,0,0,9.1,96.4,11,1.0
2020,12,14,3,45,0,0,0,8.3,96.0,18,1.0
2020,12,14,4,45,0,0,0,8.5,94.4,16,0.9
2020,12,14,5,45,0,0,0,8.8,91.9,13,0.9
2020,12,14,6,45,77,12,19,9.8,89.2,16,0.9
2020,12,14,7,45,467,69,171,11.2,87.5,16,0.9
2020,12,14,8,45,706,99,362,12.2,75.3,337,0.5
2020,12,14,9,45,826,109,522,13.9,58.2,242,0.6
2020,12,14,10,45,941,91,639,15.6,53.2,219,1.0
2020,12,14,11,45,968,87,678,15.6,54.9,213,1.4
2020,12,14,12,45,957,84,646,17.0,53.6,213,1.6
2020,12,14,13,45,918,80,547,18.4,52.5,217,1.6
2020,12,14,14,45,836,70,391,16.4,61.8,225,1.5
2020,12,14,15,45,640,53,198,14.4,73.4,228,1.3
2020,12,14,16,45,63,17,24,14.7,76.4,232,1.2
2020,12,14,17,45,0,0,0,15.0,76.2,256,1.2
2020,12,14,18,45,0,0,0,14.5,77.4,299,1.0
2020,12,14,19,45,0,0,0,12.4,83.1,345,1.0
2020,12,14,20,45,0,0,0,10.9,86.6,8,1.1
2020,12,14,21,45,0,0,0,10.7,86.0,18,1.0
2020,12,14,22,45,0,0,0,10.2,86.2,19,0.9
2020,12,14,23,45,0,0,0,9.9,86.5,20,0.7
2020,12,15,0,45,0,0,0,9.5,87.3,21,0.7
2020,12,15,1,45,0,0,0,8.9,87.9,21,0.9
2020,12,15,2,45,0,0,0,7.2,91.5,20,1.0
2020,12,15,3,45,0,0,0,6.0,94.9,24,1.1
2020,12,15,4,45,0,0,0,6.4,93.3,25,1.1
2020,12,15,5,45,0,0,0,6.8,91.1,24,1.0
2020,12,15,6,45,92,11,19,7.9,86.9,24,1.0
2020,12,15,7,45,558,56,175,9.4,83.5,25,0.9
2020,12,15,8,45,803,73,371,10.9,78.3,11,0.4
2020,12,15,9,45,898,83,531,13.7,67.0,213,0.5
2020,12,15,10,45,940,88,634,15.4,59.7,199,1.1
2020,12,15,11,45,952,91,672,15.5,58.1,199,1.4
2020,12,15,12,45,933,93,640,16.8,53.2,205,1.5
2020,12,15,13,45,884,91,541,18.1,48.8,211,1.6
2020,12,15,14,45,795,80,386,16.0,59.9,218,1.5
2020,12,15,15,45,590,60,193,14.0,75.3,225,1.3
2020,12,15,16,45,72,17,24,14.7,76.7,233,1.2
2020,12,15,17,45,0,0,0,15.4,75.3,263,1.0
2020,12,15,18,45,0,0,0,14.4,78.0,316,0.7
2020,12,15,19,45,0,0,0,11.7,85.3,359,0.8
2020,12,15,20,45,0,0,0,9.9,90.1,15,1.0
2020,12,15,21,45,0,0,0,9.3,91.3,18,1.0
2020,12,15,22,45,0,0,0,8.8,92.5,21,0.9
2020,12,15,23,45,0,0,0,8.6,92.5,23,0.8
2020,12,16,0,45,0,0,0,8.5,93.4,23,0.8
2020,12,16,1,45,0,0,0,8.1,95.0,23,0.8
2020,12,16,2,45,0,0,0,6.8,94.3,22,0.9
2020,12,16,3,45,0,0,0,5.7,93.0,27,1.0
2020,12,16,4,45,0,0,0,5.7,93.3,29,0.9
2020,12,16,5,45,0,0,0,5.7,93.9,25,0.9
2020,12,16,6,45,49,12,16,6.6,95.0,26,1.1
2020,12,16,7,45,430,69,163,8.0,94.4,29,1.3
2020,12,16,8,45,719,95,361,10.7,83.6,43,0.9
2020,12,16,9,45,831,109,523,14.2,62.3,129,0.5
2020,12,16,10,45,888,113,628,16.1,46.3,185,1.0
2020,12,16,11,45,917,109,668,16.5,42.0,202,1.3
2020,12,16,12,45,907,106,637,17.2,40.1,212,1.5
2020,12,16,13,45,864,99,539,18.0,38.2,221,1.6
2020,12,16,14,45,774,86,384,16.3,45.1,231,1.7
2020,12,16,15,45,578,62,193,14.3,58.7,233,1.5
2020,12,16,16,45,102,16,26,13.4,69.6,243,1.4
2020,12,16,17,45,0,0,0,13.3,70.3,268,1.5
2020,12,16,18,45,0,0,0,13.1,70.3,303,1.3
2020,12,16,19,45,0,0,0,10.8,78.5,340,1.2
2020,12,16,20,45,0,0,0,8.9,83.5,355,1.2
2020,12,16,21,45,0,0,0,8.4,84.0,0,1.1
2020,12,16,22,45,0,0,0,7.8,85.7,5,1.1
2020,12,16,23,45,0,0,0,7.5,87.8,10,1.2
2020,12,17,0,45,0,0,0,6.7,89.5,12,1.2
2020,12,17,1,45,0,0,0,5.9,90.1,17,1.2
2020,12,17,2,45,0,0,0,5.3,91.7,18,1.3
2020,12,17,3,45,0,0,0,4.6,93.6,18,1.3
2020,12,17,4,45,0,0,0,4.9,92.6,21,1.1
2020,12,17,5,45,0,0,0,5.2,91.6,23,1.0
2020,12,17,6,45,81,10,18,6.1,88.9,23,1.0
2020,12,17,7,45,498,65,169,7.6,86.5,18,1.1
2020,12,17,8,45,743,91,364,8.6,79.6,345,0.7
2020,12,17,9,45,807,115,516,10.8,63.5,264,0.7
2020,12,17,10,45,858,122,619,12.9,52.1,241,1.2
2020,12,17,11,45,892,117,660,13.9,50.7,237,1.6
2020,12,17,12,45,907,105,635,15.2,50.9,238,1.8
2020,12,17,13,45,919,81,549,15.8,51.6,240,2.0
2020,12,17,14,45,823,75,392,14.0,60.1,242,1.9
2020,12,17,15,45,593,60,196,11.9,70.8,241,1.7
2020,12,17,16,45,88,17,26,11.2,77.7,243,1.5
2020,12,17,17,45,0,0,0,11.2,79.6,266,1.2
2020,12,17,18,45,0,0,0,10.6,82.3,313,1.0
2020,12,17,19,45,0,0,0,8.8,89.7,347,1.2
2020,12,17,20,45,0,0,0,7.6,92.1,356,1.4
2020,12,17,21,45,0,0,0,7.0,93.4,354,1.4
2020,12,17,22,45,0,0,0,6.7,95.0,351,1.2
2020,12,17,23,45,0,0,0,6.4,94.3,355,1.1
2020,12,18,0,45,0,0,0,5.7,94.6,5,1.2
2020,12,18,1,45,0,0,0,5.3,94.9,9,1.2
2020,12,18,2,45,0,0,0,5.4,95.9,15,1.2
2020,12,18,3,45,0,0,0,5.7,96.6,19,1.1
2020,12,18,4,45,0,0,0,5.7,94.9,16,0.9
2020,12,18,5,45,0,0,0,5.8,91.0,14,0.8
2020,12,18,6,45,75,10,17,6.1,86.7,18,0.8
2020,12,18,7,45,450,68,163,7.3,86.5,27,0.8
2020,12,18,8,45,716,95,357,9.0,77.6,16,0.4
2020,12,18,9,45,794,118,510,11.2,60.7,213,0.5
2020,12,18,10,45,811,138,607,13.4,52.2,214,1.0
2020,12,18,11,45,828,142,646,14.2,50.6,219,1.3
2020,12,18,12,45,782,151,609,14.8,49.6,218,1.5
2020,12,18,13,45,696,152,507,15.5,49.6,218,1.5
2020,12,18,14,45,472,155,340,13.8,58.9,222,1.6
2020,12,18,15,45,175,112,154,11.2,72.9,220,1.4
2020,12,18,16,45,4,20,20,10.9,78.7,222,1.2
2020,12,18,17,45,0,0,0,10.9,79.8,252,0.8
2020,12,18,18,45,0,0,0,10.0,82.2,320,0.7
2020,12,18,19,45,0,0,0,8.0,88.4,357,1.0
2020,12,18,20,45,0,0,0,6.6,92.0,5,1.1
2020,12,18,21,45,0,0,0,6.0,93.0,360,1.1
2020,12,18,22,45,0,0,0,5.6,93.6,357,1.1
2020,12,18,23,45,0,0,0,5.8,92.6,3,1.1
2020,12,19,0,45,0,0,0,5.2,94.2,7,1.2
2020,12,19,1,45,0,0,0,4.6,95.9,12,1.2
2020,12,19,2,45,0,0,0,4.7,94.9,16,1.3
2020,12,19,3,45,0,0,0,4.9,92.9,21,1.1
2020,12,19,4,45,0,0,0,5.2,90.7,25,0.9
2020,12,19,5,45,0,0,0,5.4,88.2,24,0.9
2020,12,19,6,45,49,11,15,5.6,85.1,21,0.9
2020,12,19,7,45,324,80,150,6.6,84.7,19,0.9
2020,12,19,8,45,652,107,346,8.0,78.9,15,0.5
2020,12,19,9,45,776,122,505,10.6,64.3,251,0.3
2020,12,19,10,45,865,117,617,13.4,56.6,228,0.9
2020,12,19,11,45,957,91,673,14.1,55.4,223,1.2
2020,12,19,12,45,944,90,642,14.8,52.8,222,1.5
2020,12,19,13,45,884,91,543,15.8,51.2,225,1.6
2020,12,19,14,45,717,99,378,14.5,61.9,226,1.6
2020,12,19,15,45,465,75,183,12.4,77.1,223,1.4
2020,12,19,16,45,70,18,25,11.3,84.9,214,1.2
2020,12,19,17,45,0,0,0,11.0,89.3,210,0.6
2020,12,19,18,45,0,0,0,9.7,93.5,9,0.3
2020,12,19,19,45,0,0,0,7.6,98.0,22,0.8
2020,12,19,20,45,0,0,0,7.0,97.0,16,0.9
2020,12,19,21,45,0,0,0,6.6,97.3,14,0.8
2020,12,19,22,45,0,0,0,6.1,98.0,11,0.8
2020,12,19,23,45,0,0,0,6.1,97.3,4,0.7
2020,12,20,0,45,0,0,0,5.5,97.9,0,0.8
2020,12,20,1,45,0,0,0,5.0,98.3,3,0.9
2020,12,20,2,45,0,0,0,4.9,98.6,15,1.1
2020,12,20,3,45,0,0,0,4.9,97.9,23,1.4
2020,12,20,4,45,0,0,0,4.6,96.2,24,1.4
2020,12,20,5,45,0,0,0,4.5,95.2,23,1.3
2020,12,20,6,45,38,10,14,4.9,92.9,25,1.3
2020,12,20,7,45,215,89,136,6.1,92.7,26,1.3
2020,12,20,8,45,660,102,343,8.0,87.6,21,0.7
2020,12,20,9,45,811,109,509,10.5,75.6,236,0.4
2020,12,20,10,45,890,107,619,12.9,66.9,219,1.0
2020,12,20,11,45,717,181,616,14.0,64.2,220,1.2
2020,12,20,12,45,651,195,576,15.0,62.3,222,1.4
2020,12,20,13,45,762,130,520,16.1,61.7,224,1.5
2020,12,20,14,45,507,144,342,14.2,70.9,225,1.5
2020,12,20,15,45,246,101,155,12.4,80.3,217,1.3
2020,12,20,16,45,23,17,20,12.0,84.1,207,1.1
2020,12,20,17,45,0,0,0,12.0,86.7,223,0.6
2020,12,20,18,45,0,0,0,11.1,89.3,332,0.3
2020,12,20,19,45,0,0,0,8.9,95.7,355,0.7
2020,12,20,20,45,0,0,0,7.5,98.3,14,0.8
2020,12,20,21,45,0,0,0,6.8,98.3,22,0.8
2020,12,20,22,45,0,0,0,6.4,98.6,20,0.7
2020,12,20,23,45,0,0,0,6.4,97.3,12,0.7
2020,12,21,0,45,0,0,0,6.2,97.3,8,0.7
2020,12,21,1,45,0,0,0,6.0,98.3,12,0.7
2020,12,21,2,45,0,0,0,5.8,97.9,18,0.8
2020,12,21,3,45,0,0,0,5.4,96.9,21,1.0
2020,12,21,4,45,0,0,0,5.6,95.9,22,1.2
2020,12,21,5,45,0,0,0,5.7,95.3,21,1.2
2020,12,21,6,45,0,7,7,6.3,94.6,21,1.1
2020,12,21,7,45,61,84,99,7.6,93.4,25,1.1
2020,12,21,8,45,532,124,321,9.2,86.5,38,0.7
2020,12,21,9,45,773,119,498,12.6,74.2,127,0.3
2020,12,21,10,45,669,184,568,15.4,66.5,188,0.7
2020,12,21,11,45,661,201,603,15.8,65.1,197,1.0
2020,12,21,12,45,406,276,514,17.1,60.4,203,1.3
2020,12,21,13,45,383,237,437,18.5,57.3,211,1.3
2020,12,21,14,45,76,192,221,16.6,66.8,219,1.4
2020,12,21,15,45,160,113,144,14.5,76.2,225,1.1
2020,12,21,16,45,24,19,22,14.8,77.5,237,1.0
2020,12,21,17,45,0,0,0,15.2,77.8,274,0.8
2020,12,21,18,45,0,0,0,14.3,80.6,344,0.8
2020,12,21,19,45,0,0,0,11.5,88.2,3,1.0
2020,12,21,20,45,0,0,0,9.5,92.5,9,1.0
2020,12,21,21,45,0,0,0,8.8,93.8,13,0.9
2020,12,21,22,45,0,0,0,8.4,94.4,11,0.8
2020,12,21,23,45,0,0,0,8.6,92.8,7,0.8
2020,12,22,0,45,0,0,0,8.2,94.1,11,0.8
2020,12,22,1,45,0,0,0,7.6,96.0,13,0.9
2020,12,22,2,45,0,0,0,7.0,95.3,15,1.0
2020,12,22,3,45,0,0,0,6.6,96.3,18,1.1
2020,12,22,4,45,0,0,0,6.8,95.6,21,1.1
2020,12,22,5,45,0,0,0,7.2,93.0,22,1.2
2020,12,22,6,45,0,7,7,8.0,92.1,27,1.3
2020,12,22,7,45,90,82,105,9.1,89.4,27,1.4
2020,12,22,8,45,341,165,288,10.2,84.2,25,1.1
2020,12,22,9,45,270,258,392,13.8,69.5,334,0.3
2020,12,22,10,45,426,264,508,17.2,57.4,223,0.7
2020,12,22,11,45,225,343,480,17.5,56.5,222,1.2
2020,12,22,12,45,316,305,489,18.4,54.7,222,1.4
2020,12,22,13,45,346,251,427,19.4,53.8,224,1.5
2020,12,22,14,45,443,163,330,17.2,64.3,224,1.5
2020,12,22,15,45,465,75,184,15.0,75.7,218,1.3
2020,12,22,16,45,46,19,25,15.2,78.0,218,1.1
2020,12,22,17,45,0,0,0,15.6,77.9,247,0.8
2020,12,22,18,45,0,0,0,15.2,79.4,327,0.5
2020,12,22,19,45,0,0,0,12.5,86.8,7,0.8
2020,12,22,20,45,0,0,0,10.4,92.6,12,1.0
2020,12,22,21,45,0,0,0,9.6,93.5,11,1.0
2020,12,22,22,45,0,0,0,9.5,92.9,9,1.0
2020,12,22,23,45,0,0,0,9.8,91.3,7,0.9
2020,12,23,0,45,0,0,0,9.2,91.6,11,0.8
2020,12,23,1,45,0,0,0,8.8,91.9,14,0.8
2020,12,23,2,45,0,0,0,8.1,92.8,15,1.0
2020,12,23,3,45,0,0,0,7.4,95.6,19,1.2
2020,12,23,4,45,0,0,0,7.2,98.0,24,1.4
2020,12,23,5,45,0,0,0,6.9,97.3,24,1.6
2020,12,23,6,45,18,10,11,7.2,94.7,24,1.8
2020,12,23,7,45,298,78,138,8.2,93.4,26,1.7
2020,12,23,8,45,631,106,336,9.8,87.7,25,1.1
2020,12,23,9,45,792,116,504,14.1,68.5,289,0.3
2020,12,23,10,45,859,120,614,17.7,54.1,213,0.8
2020,12,23,11,45,877,123,655,17.9,52.7,212,1.2
2020,12,23,12,45,857,123,626,19.1,50.6,209,1.4
2020,12,23,13,45,801,119,530,20.2,49.0,209,1.5
2020,12,23,14,45,680,108,375,17.7,60.4,212,1.6
2020,12,23,15,45,462,76,186,15.3,72.3,216,1.4
2020,12,23,16,45,44,20,25,15.8,72.9,221,1.1
2020,12,23,17,45,0,0,0,16.4,71.8,256,0.5
2020,12,23,18,45,0,0,0,15.4,73.6,352,0.5
2020,12,23,19,45,0,0,0,12.6,82.6,16,0.7
2020,12,23,20,45,0,0,0,10.6,89.2,21,0.9
2020,12,23,21,45,0,0,0,9.5,90.7,21,0.9
2020,12,23,22,45,0,0,0,8.7,91.5,17,0.8
2020,12,23,23,45,0,0,0,8.6,90.6,15,0.8
2020,12,24,0,45,0,0,0,8.6,90.9,12,0.7
2020,12,24,1,45,0,0,0,8.5,91.2,11,0.8
2020,12,24,2,45,0,0,0,7.7,91.8,17,1.0
2020,12,24,3,45,0,0,0,6.7,92.4,22,1.1
2020,12,24,4,45,0,0,0,6.9,90.8,21,1.1
2020,12,24,5,45,0,0,0,7.2,89.3,21,1.2
2020,12,24,6,45,20,9,11,8.0,86.9,26,1.4
2020,12,24,7,45,176,89,129,9.2,85.5,26,1.5
2020,12,24,8,45,611,112,334,10.3,78.0,23,1.0
2020,12,24,9,45,772,125,503,14.0,57.9,136,0.3
2020,12,24,10,45,818,139,609,17.1,45.9,202,0.9
2020,12,24,11,45,827,147,649,17.3,46.0,205,1.3
2020,12,24,12,45,805,148,620,18.3,44.4,206,1.5
2020,12,24,13,45,737,143,522,19.3,43.1,210,1.5
2020,12,24,14,45,623,123,368,17.0,54.3,217,1.5
2020,12,24,15,45,395,85,180,14.8,67.6,221,1.4
2020,12,24,16,45,33,22,25,15.6,68.8,225,1.1
2020,12,24,17,45,0,0,0,16.3,67.0,252,0.6
2020,12,24,18,45,0,0,0,14.8,70.6,340,0.5
2020,12,24,19,45,0,0,0,11.9,80.6,0,1.0
2020,12,24,20,45,0,0,0,10.4,85.7,3,1.1
2020,12,24,21,45,0,0,0,9.8,86.5,5,1.1
2020,12,24,22,45,0,0,0,9.3,87.3,8,1.1
2020,12,24,23,45,0,0,0,9.0,87.3,12,1.2
2020,12,25,0,45,0,0,0,8.1,89.7,14,1.2
2020,12,25,1,45,0,0,0,7.4,91.5,16,1.3
2020,12,25,2,45,0,0,0,6.7,91.7,18,1.3
2020,12,25,3,45,0,0,0,6.2,91.7,21,1.3
2020,12,25,4,45,0,0,0,6.4,89.8,23,1.3
2020,12,25,5,45,0,0,0,6.4,88.6,22,1.3
2020,12,25,6,45,23,9,11,6.6,87.4,20,1.4
2020,12,25,7,45,323,74,143,8.2,84.0,18,1.6
2020,12,25,8,45,688,100,346,10.6,77.1,8,1.3
2020,12,25,9,45,817,115,514,13.7,61.9,329,0.8
2020,12,25,10,45,886,117,626,17.8,43.9,280,1.0
2020,12,25,11,45,919,113,672,19.7,37.9,259,1.3
2020,12,25,12,45,915,108,645,19.9,38.1,251,1.6
2020,12,25,13,45,864,104,549,20.2,38.3,248,1.8
2020,12,25,14,45,755,96,394,18.0,48.0,248,1.8
2020,12,25,15,45,540,72,201,15.7,60.6,243,1.6
2020,12,25,16,45,43,21,26,15.4,65.6,243,1.5
2020,12,25,17,45,0,0,0,15.2,66.1,267,1.4
2020,12,25,18,45,0,0,0,14.3,69.1,304,1.1
2020,12,25,19,45,0,0,0,11.6,77.6,334,1.1
2020,12,25,20,45,0,0,0,9.7,81.6,351,1.3
2020,12,25,21,45,0,0,0,9.0,81.2,0,1.4
2020,12,25,22,45,0,0,0,8.6,79.8,5,1.2
2020,12,25,23,45,0,0,0,8.6,77.0,10,1.1
2020,12,26,0,45,0,0,0,7.8,76.4,16,1.3
2020,12,26,1,45,0,0,0,6.8,75.4,18,1.3
2020,12,26,2,45,0,0,0,6.1,76.6,18,1.3
2020,12,26,3,45,0,0,0,5.6,77.6,18,1.2
2020,12,26,4,45,0,0,0,5.5,74.4,17,1.0
2020,12,26,5,45,0,0,0,5.3,71.7,18,1.1
2020,12,26,6,45,34,9,12,5.7,68.3,20,1.2
2020,12,26,7,45,363,70,146,7.4,69.3,21,1.1
2020,12,26,8,45,723,91,349,10.3,67.4,20,0.9
2020,12,26,9,45,841,105,515,14.4,48.3,313,0.3
2020,12,26,10,45,880,117,622,17.1,36.8,212,0.8
2020,12,26,11,45,872,130,661,17.2,39.1,207,1.2
2020,12,26,12,45,780,157,617,18.0,39.1,206,1.5
2020,12,26,13,45,374,249,446,18.8,39.4,207,1.6
2020,12,26,14,45,167,223,290,16.6,51.4,206,1.5
2020,12,26,15,45,117,123,152,14.4,64.8,201,1.2
2020,12,26,16,45,1,21,21,14.2,70.0,186,1.1
2020,12,26,17,45,0,0,0,14.3,71.4,164,0.7
2020,12,26,18,45,0,0,0,13.6,73.0,63,0.3
2020,12,26,19,45,0,0,0,10.9,81.6,17,0.7
2020,12,26,20,45,0,0,0,8.7,87.6,14,0.8
2020,12,26,21,45,0,0,0,8.0,88.7,15,0.8
2020,12,26,22,45,0,0,0,7.4,89.6,12,0.7
2020,12,26,23,45,0,0,0,7.5,88.1,11,0.8
2020,12,27,0,45,0,0,0,7.1,87.1,14,0.8
2020,12,27,1,45,0,0,0,6.8,86.5,13,0.9
2020,12,27,2,45,0,0,0,6.4,88.6,16,0.9
2020,12,27,3,45,0,0,0,6.1,90.4,14,0.8
2020,12,27,4,45,0,0,0,6.5,87.1,7,0.8
2020,12,27,5,45,0,0,0,6.8,84.1,11,1.0
2020,12,27,6,45,0,6,6,7.3,82.1,20,1.2
2020,12,27,7,45,13,90,93,7.8,81.9,26,1.3
2020,12,27,8,45,147,190,247,9.1,76.9,36,0.9
2020,12,27,9,45,323,250,406,13.0,61.7,136,0.4
2020,12,27,10,45,268,317,471,16.0,52.2,194,1.0
2020,12,27,11,45,265,339,500,16.1,52.0,201,1.4
2020,12,27,12,45,385,283,505,17.3,51.1,205,1.7
2020,12,27,13,45,742,144,528,18.5,50.9,205,1.8
2020,12,27,14,45,517,146,353,16.2,61.0,204,1.7
2020,12,27,15,45,263,100,168,14.0,71.1,203,1.4
2020,12,27,16,45,18,23,25,13.7,75.3,192,1.2
2020,12,27,17,45,0,0,0,13.9,78.1,169,0.9
2020,12,27,18,45,0,0,0,13.8,79.2,113,0.4
2020,12,27,19,45,0,0,0,11.5,85.8,43,0.6
2020,12,27,20,45,0,0,0,9.0,91.6,29,0.9
2020,12,27,21,45,0,0,0,8.2,91.5,24,0.9
2020,12,27,22,45,0,0,0,8.0,91.2,21,0.9
2020,12,27,23,45,0,0,0,7.4,93.7,23,1.0
2020,12,28,0,45,0,0,0,6.5,96.9,28,1.2
2020,12,28,1,45,0,0,0,6.2,96.6,29,1.3
2020,12,28,2,45,0,0,0,6.0,95.6,29,1.3
2020,12,28,3,45,0,0,0,6.0,94.3,23,1.1
2020,12,28,4,45,0,0,0,6.2,92.0,14,1.0
2020,12,28,5,45,0,0,0,6.5,88.6,15,1.0
2020,12,28,6,45,1,7,7,7.2,85.0,20,1.0
2020,12,28,7,45,0,75,75,8.0,83.6,23,1.1
2020,12,28,8,45,50,198,218,9.8,75.0,12,0.8
2020,12,28,9,45,193,269,363,13.2,56.9,302,0.5
2020,12,28,10,45,241,318,456,15.6,47.6,251,0.7
2020,12,28,11,45,219,347,480,15.8,48.5,240,1.1
2020,12,28,12,45,165,348,445,16.7,46.9,236,1.5
2020,12,28,13,45,302,257,412,17.6,45.3,241,1.8
2020,12,28,14,45,300,176,296,16.0,53.5,249,1.7
2020,12,28,15,45,150,103,141,14.2,65.0,250,1.5
2020,12,28,16,45,9,22,23,13.9,68.7,260,1.5
2020,12,28,17,45,0,0,0,13.8,69.2,290,1.5
2020,12,28,18,45,0,0,0,13.3,69.8,327,1.4
2020,12,28,19,45,0,0,0,11.2,74.9,353,1.2
2020,12,28,20,45,0,0,0,9.2,81.2,3,1.0
2020,12,28,21,45,0,0,0,8.0,86.0,9,1.0
2020,12,28,22,45,0,0,0,6.9,88.9,11,1.1
2020,12,28,23,45,0,0,0,6.7,89.2,12,1.2
2020,12,29,0,45,0,0,0,6.4,90.1,14,1.2
2020,12,29,1,45,0,0,0,6.2,91.1,15,1.2
2020,12,29,2,45,0,0,0,5.2,94.6,16,1.3
2020,12,29,3,45,0,0,0,4.4,97.2,18,1.3
2020,12,29,4,45,0,0,0,4.4,95.9,21,1.1
2020,12,29,5,45,0,0,0,4.4,94.9,20,1.0
2020,12,29,6,45,3,8,8,5.1,92.0,21,1.0
2020,12,29,7,45,23,92,97,6.7,88.6,24,1.0
2020,12,29,8,45,338,159,283,9.8,79.8,4,0.6
2020,12,29,9,45,642,159,471,13.8,62.5,260,0.5
2020,12,29,10,45,710,175,582,15.4,54.2,232,1.1
2020,12,29,11,45,761,170,634,15.2,55.1,228,1.5
2020,12,29,12,45,747,168,610,16.3,52.0,230,1.7
2020,12,29,13,45,683,160,515,17.6,49.0,232,1.9
2020,12,29,14,45,553,139,361,15.9,56.0,233,1.9
2020,12,29,15,45,346,93,179,13.9,66.0,231,1.6
2020,12,29,16,45,37,23,28,13.8,69.7,231,1.3
2020,12,29,17,45,0,0,0,14.1,68.5,250,1.2
2020,12,29,18,45,0,0,0,13.8,68.0,283,0.8
2020,12,29,19,45,0,0,0,12.0,74.0,320,0.7
2020,12,29,20,45,0,0,0,10.4,79.7,335,0.9
2020,12,29,21,45,0,0,0,8.9,84.7,350,1.2
2020,12,29,22,45,0,0,0,7.8,88.4,5,1.2
2020,12,29,23,45,0,0,0,7.4,88.7,11,1.0
2020,12,30,0,45,0,0,0,6.7,90.5,15,1.0
2020,12,30,1,45,0,0,0,6.1,93.6,18,1.1
2020,12,30,2,45,0,0,0,5.4,94.6,22,1.2
2020,12,30,3,45,0,0,0,4.9,93.6,25,1.2
2020,12,30,4,45,0,0,0,5.1,92.9,24,1.1
2020,12,30,5,45,0,0,0,5.4,92.0,24,1.1
2020,12,30,6,45,6,8,8,6.2,91.7,28,1.2
2020,12,30,7,45,4,95,96,7.6,92.1,27,1.2
2020,12,30,8,45,1,211,212,9.2,83.4,41,0.6
2020,12,30,9,45,17,306,316,11.8,68.4,181,0.5
2020,12,30,10,45,234,323,459,14.4,60.3,193,1.1
2020,12,30,11,45,117,375,446,14.9,59.6,194,1.3
2020,12,30,12,45,293,318,490,16.0,57.7,193,1.3
2020,12,30,13,45,619,180,501,17.0,55.6,195,1.3
2020,12,30,14,45,578,135,368,15.2,65.2,204,1.4
2020,12,30,15,45,421,86,191,13.2,76.5,214,1.3
2020,12,30,16,45,89,23,33,13.2,79.1,229,1.3
2020,12,30,17,45,0,0,0,13.5,78.9,271,1.2
2020,12,30,18,45,0,0,0,12.7,80.9,326,1.3
2020,12,30,19,45,0,0,0,10.3,88.7,348,1.5
2020,12,30,20,45,0,0,0,8.6,93.1,354,1.4
2020,12,30,21,45,0,0,0,8.4,92.5,358,1.2
2020,12,30,22,45,0,0,0,7.9,92.1,3,1.0
2020,12,30,23,45,0,0,0,7.7,92.1,9,1.0
2020,12,31,0,45,0,0,0,7.4,93.4,10,1.1
2020,12,31,1,45,0,0,0,6.7,96.3,12,1.2
2020,12,31,2,45,0,0,0,5.9,98.6,16,1.3
2020,12,31,3,45,0,0,0,5.4,99.0,18,1.3
2020,12,31,4,45,0,0,0,5.2,98.6,18,1.3
2020,12,31,5,45,0,0,0,5.0,98.3,21,1.3
2020,12,31,6,45,33,7,10,5.4,97.3,22,1.3
2020,12,31,7,45,480,57,151,6.6,95.0,18,1.5
2020,12,31,8,45,752,85,350,9.3,85.7,3,1.1
2020,12,31,9,45,865,98,518,13.3,66.9,303,0.6
2020,12,31,10,45,912,106,630,15.5,55.0,249,0.9
2020,12,31,11,45,914,115,674,15.5,53.7,235,1.3
2020,12,31,12,45,893,118,648,16.8,50.7,228,1.6
2020,12,31,13,45,837,115,553,17.8,48.5,224,1.8
2020,12,31,14,45,502,152,363,15.8,57.4,223,1.8
2020,12,31,15,45,167,125,168,13.4,69.6,218,1.5
2020,12,31,16,45,27,25,28,13.2,74.4,218,1.4
2020,12,31,17,45,0,0,0,13.8,73.5,243,1.0
2020,12,31,18,45,0,0,0,13.0,77.0,325,0.6
2020,12,31,19,45,0,0,0,10.8,85.7,12,0.9
2020,12,31,20,45,0,0,0,9.4,88.8,14,1.0
2020,12,31,21,45,0,0,0,8.4,90.0,11,1.0
2020,12,31,22,45,0,0,0,7.8,90.9,9,0.9
2020,12,31,23,45,0,0,0,7.9,90.9,7,0.8
